05-22 21:47 INFO     cpu
05-22 21:47 INFO     ####################################################################################################
05-22 21:47 INFO     Partitioning data
05-22 21:47 INFO     Data statistics: {0: {1: 8, 2: 37}, 1: {2: 53, 4: 1, 6: 4}, 2: {0: 235, 2: 123}, 3: {0: 78, 2: 19, 3: 1}, 4: {4: 1, 5: 42, 9: 9}, 5: {0: 5, 1: 9, 4: 25, 6: 17, 7: 5, 8: 33, 9: 7}, 6: {0: 26, 3: 5, 8: 1, 9: 31}, 7: {0: 11, 1: 312, 4: 6}, 8: {7: 187}, 9: {0: 156, 1: 17}, 10: {3: 81}, 11: {2: 31, 7: 8, 9: 6}, 12: {0: 26, 1: 2, 3: 3, 4: 14, 6: 8, 7: 178, 9: 62}, 13: {3: 1137, 4: 13, 5: 98, 6: 2937}, 14: {0: 2, 5: 43, 7: 19}, 15: {2: 27, 3: 42, 4: 8}, 16: {0: 12, 7: 160}, 17: {3: 52, 4: 1}, 18: {0: 2, 3: 96}, 19: {0: 3, 6: 11, 7: 8, 9: 58}, 20: {2: 1, 3: 3, 7: 1, 8: 38, 9: 2}, 21: {2: 2, 3: 45}, 22: {2: 13, 3: 1, 4: 534, 6: 1}, 23: {3: 15, 8: 30}, 24: {1: 128}, 25: {1: 95, 5: 1}, 26: {0: 14, 1: 33, 2: 3, 3: 70, 6: 13, 7: 26, 9: 3}, 27: {0: 42, 2: 118}, 28: {0: 46, 5: 1, 6: 41, 7: 6}, 29: {3: 127}}
05-22 21:47 INFO     Initializing nets
05-22 21:47 INFO     in comm round:0
05-22 21:47 INFO     Training network 2. n_training: 358
05-22 21:47 INFO     Training network 2
05-22 21:47 INFO     >> Pre-Training Training accuracy: 0.0
05-22 21:47 INFO     >> Pre-Training Test accuracy: 0.046052631578947366
05-22 21:47 INFO     Epoch: 0 Loss: 1.747477
05-22 21:47 INFO     Epoch: 1 Loss: 0.989475
05-22 21:47 INFO     Epoch: 2 Loss: 0.802915
05-22 21:47 INFO     Epoch: 3 Loss: 0.742626
05-22 21:47 INFO     Epoch: 4 Loss: 0.710022
05-22 21:47 INFO     >> Training accuracy: 0.662011
05-22 21:47 INFO     >> Test accuracy: 0.061404
05-22 21:47 INFO      ** Training complete **
05-22 21:47 INFO     net 2 final test acc 0.061404
05-22 21:47 INFO     Training network 10. n_training: 81
05-22 21:47 INFO     Training network 10
05-22 21:47 INFO     >> Pre-Training Training accuracy: 0.0
05-22 21:47 INFO     >> Pre-Training Test accuracy: 0.046052631578947366
05-22 21:47 INFO     Epoch: 0 Loss: 2.021299
05-22 21:47 INFO     Epoch: 1 Loss: 0.677795
05-22 21:47 INFO     Epoch: 2 Loss: 0.293772
05-22 21:47 INFO     Epoch: 3 Loss: 0.174328
05-22 21:47 INFO     Epoch: 4 Loss: 0.124484
05-22 21:47 INFO     >> Training accuracy: 1.000000
05-22 21:47 INFO     >> Test accuracy: 0.052632
05-22 21:47 INFO      ** Training complete **
05-22 21:47 INFO     net 10 final test acc 0.052632
05-22 21:47 INFO     Training network 11. n_training: 45
05-22 21:47 INFO     Training network 11
05-22 21:47 INFO     >> Pre-Training Training accuracy: 0.0
05-22 21:47 INFO     >> Pre-Training Test accuracy: 0.046052631578947366
05-22 21:47 INFO     Epoch: 0 Loss: 2.580806
05-22 21:47 INFO     Epoch: 1 Loss: 2.170448
05-22 21:47 INFO     Epoch: 2 Loss: 1.823916
05-22 21:47 INFO     Epoch: 3 Loss: 1.548975
05-22 21:47 INFO     Epoch: 4 Loss: 1.377396
05-22 21:47 INFO     >> Training accuracy: 0.688889
05-22 21:47 INFO     >> Test accuracy: 0.049342
05-22 21:47 INFO      ** Training complete **
05-22 21:47 INFO     net 11 final test acc 0.049342
05-22 21:47 INFO     Training network 13. n_training: 4185
05-22 21:47 INFO     Training network 13
05-22 21:47 INFO     >> Pre-Training Training accuracy: 0.0
05-22 21:47 INFO     >> Pre-Training Test accuracy: 0.046052631578947366
05-22 21:47 INFO     Epoch: 0 Loss: 0.800695
05-22 21:47 INFO     Epoch: 1 Loss: 0.654540
05-22 21:47 INFO     Epoch: 2 Loss: 0.622556
05-22 21:47 INFO     Epoch: 3 Loss: 0.605444
05-22 21:47 INFO     Epoch: 4 Loss: 0.592763
05-22 21:47 INFO     >> Training accuracy: 0.748148
05-22 21:47 INFO     >> Test accuracy: 0.453947
05-22 21:47 INFO      ** Training complete **
05-22 21:47 INFO     net 13 final test acc 0.453947
05-22 21:47 INFO     Training network 17. n_training: 53
05-22 21:47 INFO     Training network 17
05-22 21:47 INFO     >> Pre-Training Training accuracy: 0.03773584905660377
05-22 21:47 INFO     >> Pre-Training Test accuracy: 0.046052631578947366
05-22 21:47 INFO     Epoch: 0 Loss: 1.675889
05-22 21:47 INFO     Epoch: 1 Loss: 1.081273
05-22 21:47 INFO     Epoch: 2 Loss: 0.667347
05-22 21:47 INFO     Epoch: 3 Loss: 0.466215
05-22 21:47 INFO     Epoch: 4 Loss: 0.354557
05-22 21:47 INFO     >> Training accuracy: 0.981132
05-22 21:47 INFO     >> Test accuracy: 0.047149
05-22 21:47 INFO      ** Training complete **
05-22 21:47 INFO     net 17 final test acc 0.047149
05-22 21:47 INFO     Training network 24. n_training: 128
05-22 21:47 INFO     Training network 24
05-22 21:47 INFO     >> Pre-Training Training accuracy: 0.0
05-22 21:47 INFO     >> Pre-Training Test accuracy: 0.046052631578947366
05-22 21:47 INFO     Epoch: 0 Loss: 2.127626
05-22 21:47 INFO     Epoch: 1 Loss: 0.685906
05-22 21:47 INFO     Epoch: 2 Loss: 0.289779
05-22 21:47 INFO     Epoch: 3 Loss: 0.170352
05-22 21:47 INFO     Epoch: 4 Loss: 0.118136
05-22 21:47 INFO     >> Training accuracy: 1.000000
05-22 21:47 INFO     >> Test accuracy: 0.052632
05-22 21:47 INFO      ** Training complete **
05-22 21:47 INFO     net 24 final test acc 0.052632
05-22 21:47 INFO     Training network 26. n_training: 162
05-22 21:47 INFO     Training network 26
05-22 21:47 INFO     >> Pre-Training Training accuracy: 0.012345679012345678
05-22 21:47 INFO     >> Pre-Training Test accuracy: 0.046052631578947366
05-22 21:47 INFO     Epoch: 0 Loss: 2.570633
05-22 21:47 INFO     Epoch: 1 Loss: 2.060396
05-22 21:47 INFO     Epoch: 2 Loss: 1.819542
05-22 21:47 INFO     Epoch: 3 Loss: 1.745704
05-22 21:47 INFO     Epoch: 4 Loss: 1.694245
05-22 21:47 INFO     >> Training accuracy: 0.432099
05-22 21:47 INFO     >> Test accuracy: 0.059211
05-22 21:47 INFO      ** Training complete **
05-22 21:47 INFO     net 26 final test acc 0.059211
05-22 21:47 INFO     Training network 27. n_training: 160
05-22 21:47 INFO     Training network 27
05-22 21:47 INFO     >> Pre-Training Training accuracy: 0.0
05-22 21:47 INFO     >> Pre-Training Test accuracy: 0.046052631578947366
05-22 21:47 INFO     Epoch: 0 Loss: 2.091756
05-22 21:47 INFO     Epoch: 1 Loss: 1.254138
05-22 21:47 INFO     Epoch: 2 Loss: 0.982387
05-22 21:47 INFO     Epoch: 3 Loss: 0.858275
05-22 21:47 INFO     Epoch: 4 Loss: 0.784953
05-22 21:47 INFO     >> Training accuracy: 0.737500
05-22 21:47 INFO     >> Test accuracy: 0.053728
05-22 21:47 INFO      ** Training complete **
05-22 21:47 INFO     net 27 final test acc 0.053728
05-22 21:47 INFO     Training network 28. n_training: 94
05-22 21:47 INFO     Training network 28
05-22 21:47 INFO     >> Pre-Training Training accuracy: 0.46808510638297873
05-22 21:47 INFO     >> Pre-Training Test accuracy: 0.046052631578947366
05-22 21:47 INFO     Epoch: 0 Loss: 1.598026
05-22 21:47 INFO     Epoch: 1 Loss: 1.369772
05-22 21:47 INFO     Epoch: 2 Loss: 1.183884
05-22 21:47 INFO     Epoch: 3 Loss: 1.109542
05-22 21:47 INFO     Epoch: 4 Loss: 1.067961
05-22 21:47 INFO     >> Training accuracy: 0.553191
05-22 21:47 INFO     >> Test accuracy: 0.046053
05-22 21:47 INFO      ** Training complete **
05-22 21:47 INFO     net 28 final test acc 0.046053
05-22 21:47 INFO     global n_training: 807
05-22 21:47 INFO     global n_test: 29
05-22 21:47 INFO     >> Global Model Train accuracy: 0.438438
05-22 21:47 INFO     >> Global Model Test accuracy: 0.450658
05-22 21:47 INFO     >> Global Model Train loss: 1.631387
05-22 21:47 INFO     >> Global Model Test loss: 1.643453
05-22 21:47 INFO     in comm round:1
05-22 21:47 INFO     Training network 2. n_training: 358
05-22 21:47 INFO     Training network 2
05-22 21:47 INFO     >> Pre-Training Training accuracy: 0.002793296089385475
05-22 21:47 INFO     >> Pre-Training Test accuracy: 0.4506578947368421
05-22 21:47 INFO     Epoch: 0 Loss: 1.750728
05-22 21:47 INFO     Epoch: 1 Loss: 1.211348
05-22 21:47 INFO     Epoch: 2 Loss: 1.029830
05-22 21:47 INFO     Epoch: 3 Loss: 0.961208
05-22 21:47 INFO     Epoch: 4 Loss: 0.925203
05-22 21:47 INFO     >> Training accuracy: 0.656425
05-22 21:47 INFO     >> Test accuracy: 0.450658
05-22 21:47 INFO      ** Training complete **
05-22 21:47 INFO     net 2 final test acc 0.450658
05-22 21:47 INFO     Training network 5. n_training: 101
05-22 21:47 INFO     Training network 5
05-22 21:47 INFO     >> Pre-Training Training accuracy: 0.06930693069306931
05-22 21:47 INFO     >> Pre-Training Test accuracy: 0.4506578947368421
05-22 21:47 INFO     Epoch: 0 Loss: 2.747695
05-22 21:47 INFO     Epoch: 1 Loss: 2.272736
05-22 21:47 INFO     Epoch: 2 Loss: 2.280755
05-22 21:47 INFO     Epoch: 3 Loss: 1.946091
05-22 21:47 INFO     Epoch: 4 Loss: 2.010444
05-22 21:47 INFO     >> Training accuracy: 0.336634
05-22 21:47 INFO     >> Test accuracy: 0.336623
05-22 21:47 INFO      ** Training complete **
05-22 21:47 INFO     net 5 final test acc 0.336623
05-22 21:47 INFO     Training network 6. n_training: 63
05-22 21:47 INFO     Training network 6
05-22 21:47 INFO     >> Pre-Training Training accuracy: 0.0
05-22 21:47 INFO     >> Pre-Training Test accuracy: 0.4506578947368421
05-22 21:47 INFO     Epoch: 0 Loss: 2.891654
05-22 21:47 INFO     Epoch: 1 Loss: 2.309553
05-22 21:47 INFO     Epoch: 2 Loss: 1.904910
05-22 21:47 INFO     Epoch: 3 Loss: 1.669173
05-22 21:47 INFO     Epoch: 4 Loss: 1.632487
05-22 21:47 INFO     >> Training accuracy: 0.492063
05-22 21:47 INFO     >> Test accuracy: 0.456140
05-22 21:47 INFO      ** Training complete **
05-22 21:47 INFO     net 6 final test acc 0.456140
05-22 21:47 INFO     Training network 8. n_training: 187
05-22 21:47 INFO     Training network 8
05-22 21:47 INFO     >> Pre-Training Training accuracy: 0.0
05-22 21:47 INFO     >> Pre-Training Test accuracy: 0.4506578947368421
05-22 21:47 INFO     Epoch: 0 Loss: 2.677034
05-22 21:47 INFO     Epoch: 1 Loss: 0.207097
05-22 21:47 INFO     Epoch: 2 Loss: 0.079806
05-22 21:47 INFO     Epoch: 3 Loss: 0.049146
05-22 21:47 INFO     Epoch: 4 Loss: 0.035302
05-22 21:47 INFO     >> Training accuracy: 1.000000
05-22 21:47 INFO     >> Test accuracy: 0.419956
05-22 21:47 INFO      ** Training complete **
05-22 21:47 INFO     net 8 final test acc 0.419956
05-22 21:47 INFO     Training network 11. n_training: 45
05-22 21:47 INFO     Training network 11
05-22 21:47 INFO     >> Pre-Training Training accuracy: 0.0
05-22 21:47 INFO     >> Pre-Training Test accuracy: 0.4506578947368421
05-22 21:47 INFO     Epoch: 0 Loss: 2.749216
05-22 21:47 INFO     Epoch: 1 Loss: 2.618586
05-22 21:47 INFO     Epoch: 2 Loss: 2.495952
05-22 21:47 INFO     Epoch: 3 Loss: 2.382978
05-22 21:47 INFO     Epoch: 4 Loss: 2.295164
05-22 21:47 INFO     >> Training accuracy: 0.000000
05-22 21:47 INFO     >> Test accuracy: 0.450658
05-22 21:47 INFO      ** Training complete **
05-22 21:47 INFO     net 11 final test acc 0.450658
05-22 21:47 INFO     Training network 12. n_training: 293
05-22 21:47 INFO     Training network 12
05-22 21:47 INFO     >> Pre-Training Training accuracy: 0.006825938566552901
05-22 21:47 INFO     >> Pre-Training Test accuracy: 0.4506578947368421
05-22 21:47 INFO     Epoch: 0 Loss: 2.040482
05-22 21:47 INFO     Epoch: 1 Loss: 1.534454
05-22 21:47 INFO     Epoch: 2 Loss: 1.412406
05-22 21:47 INFO     Epoch: 3 Loss: 1.319597
05-22 21:47 INFO     Epoch: 4 Loss: 1.262330
05-22 21:47 INFO     >> Training accuracy: 0.607509
05-22 21:47 INFO     >> Test accuracy: 0.479167
05-22 21:47 INFO      ** Training complete **
05-22 21:47 INFO     net 12 final test acc 0.479167
05-22 21:47 INFO     Training network 13. n_training: 4185
05-22 21:47 INFO     Training network 13
05-22 21:47 INFO     >> Pre-Training Training accuracy: 0.749820788530466
05-22 21:47 INFO     >> Pre-Training Test accuracy: 0.4506578947368421
05-22 21:47 INFO     Epoch: 0 Loss: 0.624390
05-22 21:47 INFO     Epoch: 1 Loss: 0.646513
05-22 21:47 INFO     Epoch: 2 Loss: 0.667234
05-22 21:47 INFO     Epoch: 3 Loss: 0.686079
05-22 21:47 INFO     Epoch: 4 Loss: 0.707753
05-22 21:47 INFO     >> Training accuracy: 0.718280
05-22 21:47 INFO     >> Test accuracy: 0.433114
05-22 21:47 INFO      ** Training complete **
05-22 21:47 INFO     net 13 final test acc 0.433114
05-22 21:47 INFO     Training network 16. n_training: 172
05-22 21:47 INFO     Training network 16
05-22 21:47 INFO     >> Pre-Training Training accuracy: 0.005813953488372093
05-22 21:47 INFO     >> Pre-Training Test accuracy: 0.4506578947368421
05-22 21:47 INFO     Epoch: 0 Loss: 1.473458
05-22 21:47 INFO     Epoch: 1 Loss: 0.670704
05-22 21:47 INFO     Epoch: 2 Loss: 0.542074
05-22 21:47 INFO     Epoch: 3 Loss: 0.406499
05-22 21:47 INFO     Epoch: 4 Loss: 0.374155
05-22 21:47 INFO     >> Training accuracy: 0.930233
05-22 21:47 INFO     >> Test accuracy: 0.494518
05-22 21:47 INFO      ** Training complete **
05-22 21:47 INFO     net 16 final test acc 0.494518
05-22 21:47 INFO     Training network 20. n_training: 45
05-22 21:47 INFO     Training network 20
05-22 21:47 INFO     >> Pre-Training Training accuracy: 0.0
05-22 21:47 INFO     >> Pre-Training Test accuracy: 0.4506578947368421
05-22 21:47 INFO     Epoch: 0 Loss: 3.212034
05-22 21:47 INFO     Epoch: 1 Loss: 2.264242
05-22 21:47 INFO     Epoch: 2 Loss: 1.557607
05-22 21:47 INFO     Epoch: 3 Loss: 1.131396
05-22 21:47 INFO     Epoch: 4 Loss: 0.935075
05-22 21:47 INFO     >> Training accuracy: 0.844444
05-22 21:47 INFO     >> Test accuracy: 0.435307
05-22 21:47 INFO      ** Training complete **
05-22 21:47 INFO     net 20 final test acc 0.435307
05-22 21:47 INFO     global n_training: 807
05-22 21:47 INFO     global n_test: 29
05-22 21:47 INFO     >> Global Model Train accuracy: 0.422691
05-22 21:47 INFO     >> Global Model Test accuracy: 0.434211
05-22 21:47 INFO     >> Global Model Train loss: 3.115812
05-22 21:47 INFO     >> Global Model Test loss: 3.163611
05-22 21:47 INFO     in comm round:2
05-22 21:47 INFO     Training network 12. n_training: 293
05-22 21:47 INFO     Training network 12
05-22 21:47 INFO     >> Pre-Training Training accuracy: 0.034129692832764506
05-22 21:47 INFO     >> Pre-Training Test accuracy: 0.4342105263157895
05-22 21:47 INFO     Epoch: 0 Loss: 3.123071
05-22 21:47 INFO     Epoch: 1 Loss: 2.127547
05-22 21:47 INFO     Epoch: 2 Loss: 1.860926
05-22 21:47 INFO     Epoch: 3 Loss: 1.785761
05-22 21:47 INFO     Epoch: 4 Loss: 1.769334
05-22 21:47 INFO     >> Training accuracy: 0.573379
05-22 21:47 INFO     >> Test accuracy: 0.452851
05-22 21:47 INFO      ** Training complete **
05-22 21:47 INFO     net 12 final test acc 0.452851
05-22 21:47 INFO     Training network 14. n_training: 64
05-22 21:47 INFO     Training network 14
05-22 21:47 INFO     >> Pre-Training Training accuracy: 0.0
05-22 21:47 INFO     >> Pre-Training Test accuracy: 0.4342105263157895
05-22 21:47 INFO     Epoch: 0 Loss: 4.821880
05-22 21:47 INFO     Epoch: 1 Loss: 3.604641
05-22 21:47 INFO     Epoch: 2 Loss: 2.643690
05-22 21:47 INFO     Epoch: 3 Loss: 1.963917
05-22 21:47 INFO     Epoch: 4 Loss: 1.536821
05-22 21:47 INFO     >> Training accuracy: 0.562500
05-22 21:47 INFO     >> Test accuracy: 0.439693
05-22 21:47 INFO      ** Training complete **
05-22 21:47 INFO     net 14 final test acc 0.439693
05-22 21:47 INFO     Training network 19. n_training: 80
05-22 21:47 INFO     Training network 19
05-22 21:47 INFO     >> Pre-Training Training accuracy: 0.0
05-22 21:47 INFO     >> Pre-Training Test accuracy: 0.4342105263157895
05-22 21:47 INFO     Epoch: 0 Loss: 6.717788
05-22 21:47 INFO     Epoch: 1 Loss: 3.219353
05-22 21:47 INFO     Epoch: 2 Loss: 2.622224
05-22 21:47 INFO     Epoch: 3 Loss: 2.466899
05-22 21:47 INFO     Epoch: 4 Loss: 2.340975
05-22 21:47 INFO     >> Training accuracy: 0.725000
05-22 21:47 INFO     >> Test accuracy: 0.370614
05-22 21:47 INFO      ** Training complete **
05-22 21:47 INFO     net 19 final test acc 0.370614
05-22 21:47 INFO     Training network 21. n_training: 47
05-22 21:47 INFO     Training network 21
05-22 21:47 INFO     >> Pre-Training Training accuracy: 0.0
05-22 21:47 INFO     >> Pre-Training Test accuracy: 0.4342105263157895
05-22 21:47 INFO     Epoch: 0 Loss: 12.227995
05-22 21:47 INFO     Epoch: 1 Loss: 10.202941
05-22 21:47 INFO     Epoch: 2 Loss: 8.294482
05-22 21:47 INFO     Epoch: 3 Loss: 6.513627
05-22 21:47 INFO     Epoch: 4 Loss: 4.885714
05-22 21:47 INFO     >> Training accuracy: 0.000000
05-22 21:47 INFO     >> Test accuracy: 0.368421
05-22 21:47 INFO      ** Training complete **
05-22 21:47 INFO     net 21 final test acc 0.368421
05-22 21:47 INFO     Training network 23. n_training: 45
05-22 21:47 INFO     Training network 23
05-22 21:47 INFO     >> Pre-Training Training accuracy: 0.0
05-22 21:47 INFO     >> Pre-Training Test accuracy: 0.4342105263157895
05-22 21:47 INFO     Epoch: 0 Loss: 3.420702
05-22 21:47 INFO     Epoch: 1 Loss: 2.865035
05-22 21:47 INFO     Epoch: 2 Loss: 2.455966
05-22 21:47 INFO     Epoch: 3 Loss: 1.973478
05-22 21:47 INFO     Epoch: 4 Loss: 1.691597
05-22 21:47 INFO     >> Training accuracy: 0.444444
05-22 21:47 INFO     >> Test accuracy: 0.422149
05-22 21:47 INFO      ** Training complete **
05-22 21:47 INFO     net 23 final test acc 0.422149
05-22 21:47 INFO     Training network 24. n_training: 128
05-22 21:47 INFO     Training network 24
05-22 21:47 INFO     >> Pre-Training Training accuracy: 0.9765625
05-22 21:47 INFO     >> Pre-Training Test accuracy: 0.4342105263157895
05-22 21:47 INFO     Epoch: 0 Loss: 0.436450
05-22 21:47 INFO     Epoch: 1 Loss: 0.427320
05-22 21:47 INFO     Epoch: 2 Loss: 0.418890
05-22 21:47 INFO     Epoch: 3 Loss: 0.418108
05-22 21:47 INFO     Epoch: 4 Loss: 0.417161
05-22 21:47 INFO     >> Training accuracy: 0.992188
05-22 21:47 INFO     >> Test accuracy: 0.426535
05-22 21:47 INFO      ** Training complete **
05-22 21:47 INFO     net 24 final test acc 0.426535
05-22 21:47 INFO     Training network 25. n_training: 96
05-22 21:47 INFO     Training network 25
05-22 21:47 INFO     >> Pre-Training Training accuracy: 0.0
05-22 21:47 INFO     >> Pre-Training Test accuracy: 0.4342105263157895
05-22 21:47 INFO     Epoch: 0 Loss: 5.708204
05-22 21:47 INFO     Epoch: 1 Loss: 4.008277
05-22 21:47 INFO     Epoch: 2 Loss: 2.472209
05-22 21:47 INFO     Epoch: 3 Loss: 1.358415
05-22 21:47 INFO     Epoch: 4 Loss: 0.761693
05-22 21:47 INFO     >> Training accuracy: 0.958333
05-22 21:47 INFO     >> Test accuracy: 0.432018
05-22 21:47 INFO      ** Training complete **
05-22 21:47 INFO     net 25 final test acc 0.432018
05-22 21:47 INFO     Training network 27. n_training: 160
05-22 21:47 INFO     Training network 27
05-22 21:47 INFO     >> Pre-Training Training accuracy: 0.05625
05-22 21:47 INFO     >> Pre-Training Test accuracy: 0.4342105263157895
05-22 21:47 INFO     Epoch: 0 Loss: 2.709982
05-22 21:47 INFO     Epoch: 1 Loss: 1.846039
05-22 21:47 INFO     Epoch: 2 Loss: 1.490138
05-22 21:47 INFO     Epoch: 3 Loss: 1.370029
05-22 21:47 INFO     Epoch: 4 Loss: 1.334625
05-22 21:47 INFO     >> Training accuracy: 0.662500
05-22 21:47 INFO     >> Test accuracy: 0.413377
05-22 21:47 INFO      ** Training complete **
05-22 21:47 INFO     net 27 final test acc 0.413377
05-22 21:47 INFO     Training network 29. n_training: 127
05-22 21:47 INFO     Training network 29
05-22 21:47 INFO     >> Pre-Training Training accuracy: 0.0
05-22 21:47 INFO     >> Pre-Training Test accuracy: 0.4342105263157895
05-22 21:47 INFO     Epoch: 0 Loss: 3.894807
05-22 21:47 INFO     Epoch: 1 Loss: 0.324286
05-22 21:47 INFO     Epoch: 2 Loss: 0.106623
05-22 21:47 INFO     Epoch: 3 Loss: 0.062002
05-22 21:47 INFO     Epoch: 4 Loss: 0.043283
05-22 21:47 INFO     >> Training accuracy: 0.992126
05-22 21:47 INFO     >> Test accuracy: 0.440789
05-22 21:47 INFO      ** Training complete **
05-22 21:47 INFO     net 29 final test acc 0.440789
05-22 21:47 INFO     global n_training: 807
05-22 21:47 INFO     global n_test: 29
05-22 21:47 INFO     >> Global Model Train accuracy: 0.425294
05-22 21:47 INFO     >> Global Model Test accuracy: 0.439693
05-22 21:47 INFO     >> Global Model Train loss: 3.033703
05-22 21:47 INFO     >> Global Model Test loss: 3.079272
05-22 21:47 INFO     in comm round:3
05-22 21:47 INFO     Training network 2. n_training: 358
05-22 21:47 INFO     Training network 2
05-22 21:47 INFO     >> Pre-Training Training accuracy: 0.0446927374301676
05-22 21:47 INFO     >> Pre-Training Test accuracy: 0.43969298245614036
05-22 21:47 INFO     Epoch: 0 Loss: 2.701418
05-22 21:47 INFO     Epoch: 1 Loss: 1.320218
05-22 21:47 INFO     Epoch: 2 Loss: 1.099485
05-22 21:47 INFO     Epoch: 3 Loss: 1.045881
05-22 21:47 INFO     Epoch: 4 Loss: 1.032269
05-22 21:47 INFO     >> Training accuracy: 0.670391
05-22 21:47 INFO     >> Test accuracy: 0.440789
05-22 21:47 INFO      ** Training complete **
05-22 21:47 INFO     net 2 final test acc 0.440789
05-22 21:47 INFO     Training network 6. n_training: 63
05-22 21:47 INFO     Training network 6
05-22 21:47 INFO     >> Pre-Training Training accuracy: 0.06349206349206349
05-22 21:47 INFO     >> Pre-Training Test accuracy: 0.43969298245614036
05-22 21:47 INFO     Epoch: 0 Loss: 3.503166
05-22 21:47 INFO     Epoch: 1 Loss: 3.173757
05-22 21:47 INFO     Epoch: 2 Loss: 2.917185
05-22 21:47 INFO     Epoch: 3 Loss: 2.666652
05-22 21:47 INFO     Epoch: 4 Loss: 2.555699
05-22 21:47 INFO     >> Training accuracy: 0.095238
05-22 21:47 INFO     >> Test accuracy: 0.438596
05-22 21:47 INFO      ** Training complete **
05-22 21:47 INFO     net 6 final test acc 0.438596
05-22 21:47 INFO     Training network 7. n_training: 329
05-22 21:47 INFO     Training network 7
05-22 21:47 INFO     >> Pre-Training Training accuracy: 0.0182370820668693
05-22 21:47 INFO     >> Pre-Training Test accuracy: 0.43969298245614036
05-22 21:47 INFO     Epoch: 0 Loss: 1.633153
05-22 21:47 INFO     Epoch: 1 Loss: 0.467270
05-22 21:47 INFO     Epoch: 2 Loss: 0.398301
05-22 21:47 INFO     Epoch: 3 Loss: 0.377220
05-22 21:47 INFO     Epoch: 4 Loss: 0.360476
05-22 21:47 INFO     >> Training accuracy: 0.948328
05-22 21:47 INFO     >> Test accuracy: 0.453947
05-22 21:47 INFO      ** Training complete **
05-22 21:47 INFO     net 7 final test acc 0.453947
05-22 21:47 INFO     Training network 10. n_training: 81
05-22 21:47 INFO     Training network 10
05-22 21:47 INFO     >> Pre-Training Training accuracy: 1.0
05-22 21:47 INFO     >> Pre-Training Test accuracy: 0.43969298245614036
05-22 21:47 INFO     Epoch: 0 Loss: 0.021209
05-22 21:47 INFO     Epoch: 1 Loss: 0.099213
05-22 21:47 INFO     Epoch: 2 Loss: 0.117554
05-22 21:47 INFO     Epoch: 3 Loss: 0.169199
05-22 21:47 INFO     Epoch: 4 Loss: 0.236630
05-22 21:47 INFO     >> Training accuracy: 0.975309
05-22 21:47 INFO     >> Test accuracy: 0.430921
05-22 21:47 INFO      ** Training complete **
05-22 21:47 INFO     net 10 final test acc 0.430921
05-22 21:47 INFO     Training network 17. n_training: 53
05-22 21:47 INFO     Training network 17
05-22 21:47 INFO     >> Pre-Training Training accuracy: 0.018867924528301886
05-22 21:47 INFO     >> Pre-Training Test accuracy: 0.43969298245614036
05-22 21:47 INFO     Epoch: 0 Loss: 2.907221
05-22 21:47 INFO     Epoch: 1 Loss: 2.255593
05-22 21:47 INFO     Epoch: 2 Loss: 1.720447
05-22 21:47 INFO     Epoch: 3 Loss: 1.504852
05-22 21:47 INFO     Epoch: 4 Loss: 1.113363
05-22 21:47 INFO     >> Training accuracy: 0.603774
05-22 21:47 INFO     >> Test accuracy: 0.430921
05-22 21:47 INFO      ** Training complete **
05-22 21:47 INFO     net 17 final test acc 0.430921
05-22 21:47 INFO     Training network 18. n_training: 98
05-22 21:47 INFO     Training network 18
05-22 21:47 INFO     >> Pre-Training Training accuracy: 0.0
05-22 21:47 INFO     >> Pre-Training Test accuracy: 0.43969298245614036
05-22 21:47 INFO     Epoch: 0 Loss: 3.888473
05-22 21:47 INFO     Epoch: 1 Loss: 1.357039
05-22 21:47 INFO     Epoch: 2 Loss: 0.569517
05-22 21:47 INFO     Epoch: 3 Loss: 0.367807
05-22 21:47 INFO     Epoch: 4 Loss: 0.291701
05-22 21:47 INFO     >> Training accuracy: 0.979592
05-22 21:47 INFO     >> Test accuracy: 0.436404
05-22 21:47 INFO      ** Training complete **
05-22 21:47 INFO     net 18 final test acc 0.436404
05-22 21:47 INFO     Training network 22. n_training: 549
05-22 21:47 INFO     Training network 22
05-22 21:47 INFO     >> Pre-Training Training accuracy: 0.0018214936247723133
05-22 21:47 INFO     >> Pre-Training Test accuracy: 0.43969298245614036
05-22 21:47 INFO     Epoch: 0 Loss: 3.567857
05-22 21:47 INFO     Epoch: 1 Loss: 0.421864
05-22 21:47 INFO     Epoch: 2 Loss: 0.304715
05-22 21:47 INFO     Epoch: 3 Loss: 0.277186
05-22 21:47 INFO     Epoch: 4 Loss: 0.263250
05-22 21:47 INFO     >> Training accuracy: 0.972678
05-22 21:47 INFO     >> Test accuracy: 0.310307
05-22 21:47 INFO      ** Training complete **
05-22 21:47 INFO     net 22 final test acc 0.310307
05-22 21:47 INFO     Training network 24. n_training: 128
05-22 21:47 INFO     Training network 24
05-22 21:47 INFO     >> Pre-Training Training accuracy: 0.9921875
05-22 21:47 INFO     >> Pre-Training Test accuracy: 0.43969298245614036
05-22 21:47 INFO     Epoch: 0 Loss: 0.387267
05-22 21:47 INFO     Epoch: 1 Loss: 0.401682
05-22 21:47 INFO     Epoch: 2 Loss: 0.400163
05-22 21:47 INFO     Epoch: 3 Loss: 0.409051
05-22 21:47 INFO     Epoch: 4 Loss: 0.404733
05-22 21:47 INFO     >> Training accuracy: 0.992188
05-22 21:47 INFO     >> Test accuracy: 0.441886
05-22 21:47 INFO      ** Training complete **
05-22 21:47 INFO     net 24 final test acc 0.441886
05-22 21:47 INFO     Training network 25. n_training: 96
05-22 21:47 INFO     Training network 25
05-22 21:47 INFO     >> Pre-Training Training accuracy: 0.0
05-22 21:47 INFO     >> Pre-Training Test accuracy: 0.43969298245614036
05-22 21:47 INFO     Epoch: 0 Loss: 5.945627
05-22 21:47 INFO     Epoch: 1 Loss: 5.563501
05-22 21:47 INFO     Epoch: 2 Loss: 5.190273
05-22 21:47 INFO     Epoch: 3 Loss: 4.831088
05-22 21:47 INFO     Epoch: 4 Loss: 4.491426
05-22 21:47 INFO     >> Training accuracy: 0.000000
05-22 21:47 INFO     >> Test accuracy: 0.430921
05-22 21:47 INFO      ** Training complete **
05-22 21:47 INFO     net 25 final test acc 0.430921
05-22 21:47 INFO     global n_training: 807
05-22 21:47 INFO     global n_test: 29
05-22 21:47 INFO     >> Global Model Train accuracy: 0.410911
05-22 21:47 INFO     >> Global Model Test accuracy: 0.408991
05-22 21:47 INFO     >> Global Model Train loss: 2.393549
05-22 21:47 INFO     >> Global Model Test loss: 2.448990
05-22 21:47 INFO     in comm round:4
05-22 21:47 INFO     Training network 5. n_training: 101
05-22 21:47 INFO     Training network 5
05-22 21:47 INFO     >> Pre-Training Training accuracy: 0.24752475247524752
05-22 21:47 INFO     >> Pre-Training Test accuracy: 0.40899122807017546
05-22 21:47 INFO     Epoch: 0 Loss: 3.904345
05-22 21:47 INFO     Epoch: 1 Loss: 3.607623
05-22 21:47 INFO     Epoch: 2 Loss: 3.140353
05-22 21:47 INFO     Epoch: 3 Loss: 2.566079
05-22 21:47 INFO     Epoch: 4 Loss: 2.553904
05-22 21:47 INFO     >> Training accuracy: 0.247525
05-22 21:47 INFO     >> Test accuracy: 0.389254
05-22 21:47 INFO      ** Training complete **
05-22 21:47 INFO     net 5 final test acc 0.389254
05-22 21:47 INFO     Training network 6. n_training: 63
05-22 21:47 INFO     Training network 6
05-22 21:47 INFO     >> Pre-Training Training accuracy: 0.09523809523809523
05-22 21:47 INFO     >> Pre-Training Test accuracy: 0.40899122807017546
05-22 21:47 INFO     Epoch: 0 Loss: 3.208117
05-22 21:47 INFO     Epoch: 1 Loss: 3.091294
05-22 21:47 INFO     Epoch: 2 Loss: 3.046465
05-22 21:47 INFO     Epoch: 3 Loss: 3.052906
05-22 21:47 INFO     Epoch: 4 Loss: 3.028062
05-22 21:47 INFO     >> Training accuracy: 0.063492
05-22 21:47 INFO     >> Test accuracy: 0.410088
05-22 21:47 INFO      ** Training complete **
05-22 21:47 INFO     net 6 final test acc 0.410088
05-22 21:47 INFO     Training network 8. n_training: 187
05-22 21:47 INFO     Training network 8
05-22 21:47 INFO     >> Pre-Training Training accuracy: 0.0
05-22 21:47 INFO     >> Pre-Training Test accuracy: 0.40899122807017546
05-22 21:47 INFO     Epoch: 0 Loss: 4.366326
05-22 21:47 INFO     Epoch: 1 Loss: 0.502436
05-22 21:47 INFO     Epoch: 2 Loss: 0.266731
05-22 21:47 INFO     Epoch: 3 Loss: 0.243505
05-22 21:47 INFO     Epoch: 4 Loss: 0.235689
05-22 21:47 INFO     >> Training accuracy: 0.994652
05-22 21:47 INFO     >> Test accuracy: 0.256579
05-22 21:47 INFO      ** Training complete **
05-22 21:47 INFO     net 8 final test acc 0.256579
05-22 21:47 INFO     Training network 12. n_training: 293
05-22 21:47 INFO     Training network 12
05-22 21:47 INFO     >> Pre-Training Training accuracy: 0.06143344709897611
05-22 21:47 INFO     >> Pre-Training Test accuracy: 0.40899122807017546
05-22 21:47 INFO     Epoch: 0 Loss: 2.451653
05-22 21:47 INFO     Epoch: 1 Loss: 2.126134
05-22 21:47 INFO     Epoch: 2 Loss: 2.018603
05-22 21:47 INFO     Epoch: 3 Loss: 1.990631
05-22 21:47 INFO     Epoch: 4 Loss: 1.979961
05-22 21:47 INFO     >> Training accuracy: 0.440273
05-22 21:47 INFO     >> Test accuracy: 0.437500
05-22 21:47 INFO      ** Training complete **
05-22 21:47 INFO     net 12 final test acc 0.437500
05-22 21:47 INFO     Training network 15. n_training: 77
05-22 21:47 INFO     Training network 15
05-22 21:47 INFO     >> Pre-Training Training accuracy: 0.0
05-22 21:47 INFO     >> Pre-Training Test accuracy: 0.40899122807017546
05-22 21:47 INFO     Epoch: 0 Loss: 7.024222
05-22 21:47 INFO     Epoch: 1 Loss: 5.349615
05-22 21:47 INFO     Epoch: 2 Loss: 3.919717
05-22 21:47 INFO     Epoch: 3 Loss: 2.649836
05-22 21:47 INFO     Epoch: 4 Loss: 1.943803
05-22 21:47 INFO     >> Training accuracy: 0.558442
05-22 21:47 INFO     >> Test accuracy: 0.185307
05-22 21:47 INFO      ** Training complete **
05-22 21:47 INFO     net 15 final test acc 0.185307
05-22 21:47 INFO     Training network 23. n_training: 45
05-22 21:47 INFO     Training network 23
05-22 21:47 INFO     >> Pre-Training Training accuracy: 0.0
05-22 21:47 INFO     >> Pre-Training Test accuracy: 0.40899122807017546
05-22 21:47 INFO     Epoch: 0 Loss: 3.218886
05-22 21:47 INFO     Epoch: 1 Loss: 3.184976
05-22 21:47 INFO     Epoch: 2 Loss: 3.067955
05-22 21:47 INFO     Epoch: 3 Loss: 3.077992
05-22 21:47 INFO     Epoch: 4 Loss: 2.999662
05-22 21:47 INFO     >> Training accuracy: 0.022222
05-22 21:47 INFO     >> Test accuracy: 0.411184
05-22 21:47 INFO      ** Training complete **
05-22 21:47 INFO     net 23 final test acc 0.411184
05-22 21:47 INFO     Training network 24. n_training: 128
05-22 21:47 INFO     Training network 24
05-22 21:47 INFO     >> Pre-Training Training accuracy: 0.9921875
05-22 21:47 INFO     >> Pre-Training Test accuracy: 0.40899122807017546
05-22 21:47 INFO     Epoch: 0 Loss: 0.320976
05-22 21:47 INFO     Epoch: 1 Loss: 0.356339
05-22 21:47 INFO     Epoch: 2 Loss: 0.365962
05-22 21:47 INFO     Epoch: 3 Loss: 0.380141
05-22 21:47 INFO     Epoch: 4 Loss: 0.391544
05-22 21:47 INFO     >> Training accuracy: 0.992188
05-22 21:47 INFO     >> Test accuracy: 0.415570
05-22 21:47 INFO      ** Training complete **
05-22 21:47 INFO     net 24 final test acc 0.415570
05-22 21:47 INFO     Training network 27. n_training: 160
05-22 21:47 INFO     Training network 27
05-22 21:47 INFO     >> Pre-Training Training accuracy: 0.16875
05-22 21:47 INFO     >> Pre-Training Test accuracy: 0.40899122807017546
05-22 21:47 INFO     Epoch: 0 Loss: 2.205862
05-22 21:47 INFO     Epoch: 1 Loss: 1.858223
05-22 21:47 INFO     Epoch: 2 Loss: 1.641149
05-22 21:47 INFO     Epoch: 3 Loss: 1.583306
05-22 21:47 INFO     Epoch: 4 Loss: 1.562282
05-22 21:47 INFO     >> Training accuracy: 0.450000
05-22 21:47 INFO     >> Test accuracy: 0.418860
05-22 21:47 INFO      ** Training complete **
05-22 21:47 INFO     net 27 final test acc 0.418860
05-22 21:47 INFO     Training network 28. n_training: 94
05-22 21:47 INFO     Training network 28
05-22 21:47 INFO     >> Pre-Training Training accuracy: 0.43617021276595747
05-22 21:47 INFO     >> Pre-Training Test accuracy: 0.40899122807017546
05-22 21:47 INFO     Epoch: 0 Loss: 2.052665
05-22 21:47 INFO     Epoch: 1 Loss: 1.501953
05-22 21:47 INFO     Epoch: 2 Loss: 1.257281
05-22 21:47 INFO     Epoch: 3 Loss: 1.218148
05-22 21:47 INFO     Epoch: 4 Loss: 1.169910
05-22 21:47 INFO     >> Training accuracy: 0.489362
05-22 21:47 INFO     >> Test accuracy: 0.267544
05-22 21:47 INFO      ** Training complete **
05-22 21:47 INFO     net 28 final test acc 0.267544
05-22 21:47 INFO     global n_training: 807
05-22 21:47 INFO     global n_test: 29
05-22 21:47 INFO     >> Global Model Train accuracy: 0.375201
05-22 21:47 INFO     >> Global Model Test accuracy: 0.377193
05-22 21:47 INFO     >> Global Model Train loss: 2.311425
05-22 21:47 INFO     >> Global Model Test loss: 2.375139
05-22 21:47 INFO     in comm round:5
05-22 21:47 INFO     Training network 1. n_training: 58
05-22 21:47 INFO     Training network 1
05-22 21:47 INFO     >> Pre-Training Training accuracy: 0.0
05-22 21:47 INFO     >> Pre-Training Test accuracy: 0.37719298245614036
05-22 21:47 INFO     Epoch: 0 Loss: 5.984548
05-22 21:47 INFO     Epoch: 1 Loss: 3.915191
05-22 21:47 INFO     Epoch: 2 Loss: 2.275711
05-22 21:47 INFO     Epoch: 3 Loss: 1.399315
05-22 21:47 INFO     Epoch: 4 Loss: 1.003571
05-22 21:47 INFO     >> Training accuracy: 0.879310
05-22 21:47 INFO     >> Test accuracy: 0.367325
05-22 21:47 INFO      ** Training complete **
05-22 21:47 INFO     net 1 final test acc 0.367325
05-22 21:47 INFO     Training network 4. n_training: 52
05-22 21:47 INFO     Training network 4
05-22 21:47 INFO     >> Pre-Training Training accuracy: 0.0
05-22 21:47 INFO     >> Pre-Training Test accuracy: 0.37719298245614036
05-22 21:47 INFO     Epoch: 0 Loss: 5.899502
05-22 21:47 INFO     Epoch: 1 Loss: 4.772798
05-22 21:47 INFO     Epoch: 2 Loss: 3.544710
05-22 21:47 INFO     Epoch: 3 Loss: 2.477368
05-22 21:47 INFO     Epoch: 4 Loss: 1.695378
05-22 21:47 INFO     >> Training accuracy: 0.673077
05-22 21:47 INFO     >> Test accuracy: 0.292763
05-22 21:47 INFO      ** Training complete **
05-22 21:47 INFO     net 4 final test acc 0.292763
05-22 21:47 INFO     Training network 5. n_training: 101
05-22 21:47 INFO     Training network 5
05-22 21:47 INFO     >> Pre-Training Training accuracy: 0.24752475247524752
05-22 21:47 INFO     >> Pre-Training Test accuracy: 0.37719298245614036
05-22 21:47 INFO     Epoch: 0 Loss: 4.166943
05-22 21:47 INFO     Epoch: 1 Loss: 3.417177
05-22 21:47 INFO     Epoch: 2 Loss: 3.800951
05-22 21:47 INFO     Epoch: 3 Loss: 3.349383
05-22 21:47 INFO     Epoch: 4 Loss: 3.428069
05-22 21:47 INFO     >> Training accuracy: 0.237624
05-22 21:47 INFO     >> Test accuracy: 0.358553
05-22 21:47 INFO      ** Training complete **
05-22 21:47 INFO     net 5 final test acc 0.358553
05-22 21:47 INFO     Training network 7. n_training: 329
05-22 21:47 INFO     Training network 7
05-22 21:47 INFO     >> Pre-Training Training accuracy: 0.015197568389057751
05-22 21:47 INFO     >> Pre-Training Test accuracy: 0.37719298245614036
05-22 21:47 INFO     Epoch: 0 Loss: 1.207541
05-22 21:47 INFO     Epoch: 1 Loss: 0.563486
05-22 21:47 INFO     Epoch: 2 Loss: 0.516989
05-22 21:47 INFO     Epoch: 3 Loss: 0.516276
05-22 21:47 INFO     Epoch: 4 Loss: 0.502845
05-22 21:47 INFO     >> Training accuracy: 0.948328
05-22 21:47 INFO     >> Test accuracy: 0.332237
05-22 21:47 INFO      ** Training complete **
05-22 21:47 INFO     net 7 final test acc 0.332237
05-22 21:47 INFO     Training network 9. n_training: 173
05-22 21:47 INFO     Training network 9
05-22 21:47 INFO     >> Pre-Training Training accuracy: 0.0
05-22 21:47 INFO     >> Pre-Training Test accuracy: 0.37719298245614036
05-22 21:47 INFO     Epoch: 0 Loss: 4.789257
05-22 21:47 INFO     Epoch: 1 Loss: 1.384103
05-22 21:47 INFO     Epoch: 2 Loss: 0.875105
05-22 21:47 INFO     Epoch: 3 Loss: 0.762987
05-22 21:47 INFO     Epoch: 4 Loss: 0.696943
05-22 21:47 INFO     >> Training accuracy: 0.901734
05-22 21:47 INFO     >> Test accuracy: 0.368421
05-22 21:47 INFO      ** Training complete **
05-22 21:47 INFO     net 9 final test acc 0.368421
05-22 21:47 INFO     Training network 23. n_training: 45
05-22 21:47 INFO     Training network 23
05-22 21:47 INFO     >> Pre-Training Training accuracy: 0.022222222222222223
05-22 21:47 INFO     >> Pre-Training Test accuracy: 0.37719298245614036
05-22 21:47 INFO     Epoch: 0 Loss: 3.228775
05-22 21:47 INFO     Epoch: 1 Loss: 3.187687
05-22 21:47 INFO     Epoch: 2 Loss: 3.107924
05-22 21:47 INFO     Epoch: 3 Loss: 3.167766
05-22 21:47 INFO     Epoch: 4 Loss: 3.143944
05-22 21:47 INFO     >> Training accuracy: 0.022222
05-22 21:47 INFO     >> Test accuracy: 0.375000
05-22 21:47 INFO      ** Training complete **
05-22 21:47 INFO     net 23 final test acc 0.375000
05-22 21:47 INFO     Training network 25. n_training: 96
05-22 21:47 INFO     Training network 25
05-22 21:47 INFO     >> Pre-Training Training accuracy: 0.0
05-22 21:47 INFO     >> Pre-Training Test accuracy: 0.37719298245614036
05-22 21:47 INFO     Epoch: 0 Loss: 5.156917
05-22 21:47 INFO     Epoch: 1 Loss: 5.093323
05-22 21:47 INFO     Epoch: 2 Loss: 5.055140
05-22 21:47 INFO     Epoch: 3 Loss: 5.009041
05-22 21:47 INFO     Epoch: 4 Loss: 4.975425
05-22 21:47 INFO     >> Training accuracy: 0.000000
05-22 21:47 INFO     >> Test accuracy: 0.351974
05-22 21:47 INFO      ** Training complete **
05-22 21:47 INFO     net 25 final test acc 0.351974
05-22 21:47 INFO     Training network 27. n_training: 160
05-22 21:47 INFO     Training network 27
05-22 21:47 INFO     >> Pre-Training Training accuracy: 0.15
05-22 21:47 INFO     >> Pre-Training Test accuracy: 0.37719298245614036
05-22 21:47 INFO     Epoch: 0 Loss: 2.131448
05-22 21:47 INFO     Epoch: 1 Loss: 1.949958
05-22 21:47 INFO     Epoch: 2 Loss: 1.822234
05-22 21:47 INFO     Epoch: 3 Loss: 1.770253
05-22 21:47 INFO     Epoch: 4 Loss: 1.723732
05-22 21:47 INFO     >> Training accuracy: 0.287500
05-22 21:47 INFO     >> Test accuracy: 0.350877
05-22 21:47 INFO      ** Training complete **
05-22 21:47 INFO     net 27 final test acc 0.350877
05-22 21:47 INFO     Training network 29. n_training: 127
05-22 21:47 INFO     Training network 29
05-22 21:47 INFO     >> Pre-Training Training accuracy: 0.0
05-22 21:47 INFO     >> Pre-Training Test accuracy: 0.37719298245614036
05-22 21:47 INFO     Epoch: 0 Loss: 3.102592
05-22 21:47 INFO     Epoch: 1 Loss: 0.570520
05-22 21:47 INFO     Epoch: 2 Loss: 0.370676
05-22 21:47 INFO     Epoch: 3 Loss: 0.348827
05-22 21:47 INFO     Epoch: 4 Loss: 0.331176
05-22 21:47 INFO     >> Training accuracy: 0.889764
05-22 21:47 INFO     >> Test accuracy: 0.442982
05-22 21:47 INFO      ** Training complete **
05-22 21:47 INFO     net 29 final test acc 0.442982
05-22 21:47 INFO     global n_training: 807
05-22 21:47 INFO     global n_test: 29
05-22 21:47 INFO     >> Global Model Train accuracy: 0.372102
05-22 21:47 INFO     >> Global Model Test accuracy: 0.371711
05-22 21:47 INFO     >> Global Model Train loss: 2.143675
05-22 21:47 INFO     >> Global Model Test loss: 2.208837
05-22 21:47 INFO     in comm round:6
05-22 21:47 INFO     Training network 2. n_training: 358
05-22 21:47 INFO     Training network 2
05-22 21:47 INFO     >> Pre-Training Training accuracy: 0.17039106145251395
05-22 21:47 INFO     >> Pre-Training Test accuracy: 0.3717105263157895
05-22 21:47 INFO     Epoch: 0 Loss: 1.807369
05-22 21:47 INFO     Epoch: 1 Loss: 1.293289
05-22 21:47 INFO     Epoch: 2 Loss: 1.212860
05-22 21:47 INFO     Epoch: 3 Loss: 1.195741
05-22 21:47 INFO     Epoch: 4 Loss: 1.201779
05-22 21:47 INFO     >> Training accuracy: 0.634078
05-22 21:47 INFO     >> Test accuracy: 0.280702
05-22 21:47 INFO      ** Training complete **
05-22 21:47 INFO     net 2 final test acc 0.280702
05-22 21:47 INFO     Training network 10. n_training: 81
05-22 21:47 INFO     Training network 10
05-22 21:47 INFO     >> Pre-Training Training accuracy: 1.0
05-22 21:47 INFO     >> Pre-Training Test accuracy: 0.3717105263157895
05-22 21:47 INFO     Epoch: 0 Loss: 0.003713
05-22 21:47 INFO     Epoch: 1 Loss: 0.004839
05-22 21:47 INFO     Epoch: 2 Loss: 0.006805
05-22 21:47 INFO     Epoch: 3 Loss: 0.008737
05-22 21:47 INFO     Epoch: 4 Loss: 0.012640
