[2026-05-22 21:47:36] Running fedprox_synthetic_0.5_0.5
[experiment] 05-22 21:47 INFO     cpu
[experiment] 05-22 21:47 INFO     ####################################################################################################
[experiment] 05-22 21:47 INFO     Partitioning data
[experiment] 05-22 21:47 INFO     Data statistics: {0: {1: 8, 2: 37}, 1: {2: 53, 4: 1, 6: 4}, 2: {0: 235, 2: 123}, 3: {0: 78, 2: 19, 3: 1}, 4: {4: 1, 5: 42, 9: 9}, 5: {0: 5, 1: 9, 4: 25, 6: 17, 7: 5, 8: 33, 9: 7}, 6: {0: 26, 3: 5, 8: 1, 9: 31}, 7: {0: 11, 1: 312, 4: 6}, 8: {7: 187}, 9: {0: 156, 1: 17}, 10: {3: 81}, 11: {2: 31, 7: 8, 9: 6}, 12: {0: 26, 1: 2, 3: 3, 4: 14, 6: 8, 7: 178, 9: 62}, 13: {3: 1137, 4: 13, 5: 98, 6: 2937}, 14: {0: 2, 5: 43, 7: 19}, 15: {2: 27, 3: 42, 4: 8}, 16: {0: 12, 7: 160}, 17: {3: 52, 4: 1}, 18: {0: 2, 3: 96}, 19: {0: 3, 6: 11, 7: 8, 9: 58}, 20: {2: 1, 3: 3, 7: 1, 8: 38, 9: 2}, 21: {2: 2, 3: 45}, 22: {2: 13, 3: 1, 4: 534, 6: 1}, 23: {3: 15, 8: 30}, 24: {1: 128}, 25: {1: 95, 5: 1}, 26: {0: 14, 1: 33, 2: 3, 3: 70, 6: 13, 7: 26, 9: 3}, 27: {0: 42, 2: 118}, 28: {0: 46, 5: 1, 6: 41, 7: 6}, 29: {3: 127}}
[experiment] 05-22 21:47 INFO     Initializing nets
[experiment] 05-22 21:47 INFO     in comm round:0
[experiment] 05-22 21:47 INFO     Training network 2. n_training: 358
[experiment] 05-22 21:47 INFO     Training network 2
[experiment] 05-22 21:47 INFO     >> Pre-Training Training accuracy: 0.0
[experiment] 05-22 21:47 INFO     >> Pre-Training Test accuracy: 0.046052631578947366
[experiment] 05-22 21:47 INFO     Epoch: 0 Loss: 1.747477
[experiment] 05-22 21:47 INFO     Epoch: 1 Loss: 0.989475
[experiment] 05-22 21:47 INFO     Epoch: 2 Loss: 0.802915
[experiment] 05-22 21:47 INFO     Epoch: 3 Loss: 0.742626
[experiment] 05-22 21:47 INFO     Epoch: 4 Loss: 0.710022
[experiment] 05-22 21:47 INFO     >> Training accuracy: 0.662011
[experiment] 05-22 21:47 INFO     >> Test accuracy: 0.061404
[experiment] 05-22 21:47 INFO      ** Training complete **
[experiment] 05-22 21:47 INFO     net 2 final test acc 0.061404
[experiment] 05-22 21:47 INFO     Training network 10. n_training: 81
[experiment] 05-22 21:47 INFO     Training network 10
[experiment] 05-22 21:47 INFO     >> Pre-Training Training accuracy: 0.0
[experiment] 05-22 21:47 INFO     >> Pre-Training Test accuracy: 0.046052631578947366
[experiment] 05-22 21:47 INFO     Epoch: 0 Loss: 2.021299
[experiment] 05-22 21:47 INFO     Epoch: 1 Loss: 0.677795
[experiment] 05-22 21:47 INFO     Epoch: 2 Loss: 0.293772
[experiment] 05-22 21:47 INFO     Epoch: 3 Loss: 0.174328
[experiment] 05-22 21:47 INFO     Epoch: 4 Loss: 0.124484
[experiment] 05-22 21:47 INFO     >> Training accuracy: 1.000000
[experiment] 05-22 21:47 INFO     >> Test accuracy: 0.052632
[experiment] 05-22 21:47 INFO      ** Training complete **
[experiment] 05-22 21:47 INFO     net 10 final test acc 0.052632
[experiment] 05-22 21:47 INFO     Training network 11. n_training: 45
[experiment] 05-22 21:47 INFO     Training network 11
[experiment] 05-22 21:47 INFO     >> Pre-Training Training accuracy: 0.0
[experiment] 05-22 21:47 INFO     >> Pre-Training Test accuracy: 0.046052631578947366
[experiment] 05-22 21:47 INFO     Epoch: 0 Loss: 2.580806
[experiment] 05-22 21:47 INFO     Epoch: 1 Loss: 2.170448
[experiment] 05-22 21:47 INFO     Epoch: 2 Loss: 1.823916
[experiment] 05-22 21:47 INFO     Epoch: 3 Loss: 1.548975
[experiment] 05-22 21:47 INFO     Epoch: 4 Loss: 1.377396
[experiment] 05-22 21:47 INFO     >> Training accuracy: 0.688889
[experiment] 05-22 21:47 INFO     >> Test accuracy: 0.049342
[experiment] 05-22 21:47 INFO      ** Training complete **
[experiment] 05-22 21:47 INFO     net 11 final test acc 0.049342
[experiment] 05-22 21:47 INFO     Training network 13. n_training: 4185
[experiment] 05-22 21:47 INFO     Training network 13
[experiment] 05-22 21:47 INFO     >> Pre-Training Training accuracy: 0.0
[experiment] 05-22 21:47 INFO     >> Pre-Training Test accuracy: 0.046052631578947366
[experiment] 05-22 21:47 INFO     Epoch: 0 Loss: 0.800695
[experiment] 05-22 21:47 INFO     Epoch: 1 Loss: 0.654540
[experiment] 05-22 21:47 INFO     Epoch: 2 Loss: 0.622556
[experiment] 05-22 21:47 INFO     Epoch: 3 Loss: 0.605444
[experiment] 05-22 21:47 INFO     Epoch: 4 Loss: 0.592763
[experiment] 05-22 21:47 INFO     >> Training accuracy: 0.748148
[experiment] 05-22 21:47 INFO     >> Test accuracy: 0.453947
[experiment] 05-22 21:47 INFO      ** Training complete **
[experiment] 05-22 21:47 INFO     net 13 final test acc 0.453947
[experiment] 05-22 21:47 INFO     Training network 17. n_training: 53
[experiment] 05-22 21:47 INFO     Training network 17
[experiment] 05-22 21:47 INFO     >> Pre-Training Training accuracy: 0.03773584905660377
[experiment] 05-22 21:47 INFO     >> Pre-Training Test accuracy: 0.046052631578947366
[experiment] 05-22 21:47 INFO     Epoch: 0 Loss: 1.675889
[experiment] 05-22 21:47 INFO     Epoch: 1 Loss: 1.081273
[experiment] 05-22 21:47 INFO     Epoch: 2 Loss: 0.667347
[experiment] 05-22 21:47 INFO     Epoch: 3 Loss: 0.466215
[experiment] 05-22 21:47 INFO     Epoch: 4 Loss: 0.354557
[experiment] 05-22 21:47 INFO     >> Training accuracy: 0.981132
[experiment] 05-22 21:47 INFO     >> Test accuracy: 0.047149
[experiment] 05-22 21:47 INFO      ** Training complete **
[experiment] 05-22 21:47 INFO     net 17 final test acc 0.047149
[experiment] 05-22 21:47 INFO     Training network 24. n_training: 128
[experiment] 05-22 21:47 INFO     Training network 24
[experiment] 05-22 21:47 INFO     >> Pre-Training Training accuracy: 0.0
[experiment] 05-22 21:47 INFO     >> Pre-Training Test accuracy: 0.046052631578947366
[experiment] 05-22 21:47 INFO     Epoch: 0 Loss: 2.127626
[experiment] 05-22 21:47 INFO     Epoch: 1 Loss: 0.685906
[experiment] 05-22 21:47 INFO     Epoch: 2 Loss: 0.289779
[experiment] 05-22 21:47 INFO     Epoch: 3 Loss: 0.170352
[experiment] 05-22 21:47 INFO     Epoch: 4 Loss: 0.118136
[experiment] 05-22 21:47 INFO     >> Training accuracy: 1.000000
[experiment] 05-22 21:47 INFO     >> Test accuracy: 0.052632
[experiment] 05-22 21:47 INFO      ** Training complete **
[experiment] 05-22 21:47 INFO     net 24 final test acc 0.052632
[experiment] 05-22 21:47 INFO     Training network 26. n_training: 162
[experiment] 05-22 21:47 INFO     Training network 26
[experiment] 05-22 21:47 INFO     >> Pre-Training Training accuracy: 0.012345679012345678
[experiment] 05-22 21:47 INFO     >> Pre-Training Test accuracy: 0.046052631578947366
[experiment] 05-22 21:47 INFO     Epoch: 0 Loss: 2.570633
[experiment] 05-22 21:47 INFO     Epoch: 1 Loss: 2.060396
[experiment] 05-22 21:47 INFO     Epoch: 2 Loss: 1.819542
[experiment] 05-22 21:47 INFO     Epoch: 3 Loss: 1.745704
[experiment] 05-22 21:47 INFO     Epoch: 4 Loss: 1.694245
[experiment] 05-22 21:47 INFO     >> Training accuracy: 0.432099
[experiment] 05-22 21:47 INFO     >> Test accuracy: 0.059211
[experiment] 05-22 21:47 INFO      ** Training complete **
[experiment] 05-22 21:47 INFO     net 26 final test acc 0.059211
[experiment] 05-22 21:47 INFO     Training network 27. n_training: 160
[experiment] 05-22 21:47 INFO     Training network 27
[experiment] 05-22 21:47 INFO     >> Pre-Training Training accuracy: 0.0
[experiment] 05-22 21:47 INFO     >> Pre-Training Test accuracy: 0.046052631578947366
[experiment] 05-22 21:47 INFO     Epoch: 0 Loss: 2.091756
[experiment] 05-22 21:47 INFO     Epoch: 1 Loss: 1.254138
[experiment] 05-22 21:47 INFO     Epoch: 2 Loss: 0.982387
[experiment] 05-22 21:47 INFO     Epoch: 3 Loss: 0.858275
[experiment] 05-22 21:47 INFO     Epoch: 4 Loss: 0.784953
[experiment] 05-22 21:47 INFO     >> Training accuracy: 0.737500
[experiment] 05-22 21:47 INFO     >> Test accuracy: 0.053728
[experiment] 05-22 21:47 INFO      ** Training complete **
[experiment] 05-22 21:47 INFO     net 27 final test acc 0.053728
[experiment] 05-22 21:47 INFO     Training network 28. n_training: 94
[experiment] 05-22 21:47 INFO     Training network 28
[experiment] 05-22 21:47 INFO     >> Pre-Training Training accuracy: 0.46808510638297873
[experiment] 05-22 21:47 INFO     >> Pre-Training Test accuracy: 0.046052631578947366
[experiment] 05-22 21:47 INFO     Epoch: 0 Loss: 1.598026
[experiment] 05-22 21:47 INFO     Epoch: 1 Loss: 1.369772
[experiment] 05-22 21:47 INFO     Epoch: 2 Loss: 1.183884
[experiment] 05-22 21:47 INFO     Epoch: 3 Loss: 1.109542
[experiment] 05-22 21:47 INFO     Epoch: 4 Loss: 1.067961
[experiment] 05-22 21:47 INFO     >> Training accuracy: 0.553191
[experiment] 05-22 21:47 INFO     >> Test accuracy: 0.046053
[experiment] 05-22 21:47 INFO      ** Training complete **
[experiment] 05-22 21:47 INFO     net 28 final test acc 0.046053
[experiment] 05-22 21:47 INFO     global n_training: 807
[experiment] 05-22 21:47 INFO     global n_test: 29
[experiment] 05-22 21:47 INFO     >> Global Model Train accuracy: 0.438438
[experiment] 05-22 21:47 INFO     >> Global Model Test accuracy: 0.450658
[experiment] 05-22 21:47 INFO     >> Global Model Train loss: 1.631387
[experiment] 05-22 21:47 INFO     >> Global Model Test loss: 1.643453
[experiment] 05-22 21:47 INFO     in comm round:1
[experiment] 05-22 21:47 INFO     Training network 2. n_training: 358
[experiment] 05-22 21:47 INFO     Training network 2
[experiment] 05-22 21:47 INFO     >> Pre-Training Training accuracy: 0.002793296089385475
[experiment] 05-22 21:47 INFO     >> Pre-Training Test accuracy: 0.4506578947368421
[experiment] 05-22 21:47 INFO     Epoch: 0 Loss: 1.750728
[experiment] 05-22 21:47 INFO     Epoch: 1 Loss: 1.211348
[experiment] 05-22 21:47 INFO     Epoch: 2 Loss: 1.029830
[experiment] 05-22 21:47 INFO     Epoch: 3 Loss: 0.961208
[experiment] 05-22 21:47 INFO     Epoch: 4 Loss: 0.925203
[experiment] 05-22 21:47 INFO     >> Training accuracy: 0.656425
[experiment] 05-22 21:47 INFO     >> Test accuracy: 0.450658
[experiment] 05-22 21:47 INFO      ** Training complete **
[experiment] 05-22 21:47 INFO     net 2 final test acc 0.450658
[experiment] 05-22 21:47 INFO     Training network 5. n_training: 101
[experiment] 05-22 21:47 INFO     Training network 5
[experiment] 05-22 21:47 INFO     >> Pre-Training Training accuracy: 0.06930693069306931
[experiment] 05-22 21:47 INFO     >> Pre-Training Test accuracy: 0.4506578947368421
[experiment] 05-22 21:47 INFO     Epoch: 0 Loss: 2.747695
[experiment] 05-22 21:47 INFO     Epoch: 1 Loss: 2.272736
[experiment] 05-22 21:47 INFO     Epoch: 2 Loss: 2.280755
[experiment] 05-22 21:47 INFO     Epoch: 3 Loss: 1.946091
[experiment] 05-22 21:47 INFO     Epoch: 4 Loss: 2.010444
[experiment] 05-22 21:47 INFO     >> Training accuracy: 0.336634
[experiment] 05-22 21:47 INFO     >> Test accuracy: 0.336623
[experiment] 05-22 21:47 INFO      ** Training complete **
[experiment] 05-22 21:47 INFO     net 5 final test acc 0.336623
[experiment] 05-22 21:47 INFO     Training network 6. n_training: 63
[experiment] 05-22 21:47 INFO     Training network 6
[experiment] 05-22 21:47 INFO     >> Pre-Training Training accuracy: 0.0
[experiment] 05-22 21:47 INFO     >> Pre-Training Test accuracy: 0.4506578947368421
[experiment] 05-22 21:47 INFO     Epoch: 0 Loss: 2.891654
[experiment] 05-22 21:47 INFO     Epoch: 1 Loss: 2.309553
[experiment] 05-22 21:47 INFO     Epoch: 2 Loss: 1.904910
[experiment] 05-22 21:47 INFO     Epoch: 3 Loss: 1.669173
[experiment] 05-22 21:47 INFO     Epoch: 4 Loss: 1.632487
[experiment] 05-22 21:47 INFO     >> Training accuracy: 0.492063
[experiment] 05-22 21:47 INFO     >> Test accuracy: 0.456140
[experiment] 05-22 21:47 INFO      ** Training complete **
[experiment] 05-22 21:47 INFO     net 6 final test acc 0.456140
[experiment] 05-22 21:47 INFO     Training network 8. n_training: 187
[experiment] 05-22 21:47 INFO     Training network 8
[experiment] 05-22 21:47 INFO     >> Pre-Training Training accuracy: 0.0
[experiment] 05-22 21:47 INFO     >> Pre-Training Test accuracy: 0.4506578947368421
[experiment] 05-22 21:47 INFO     Epoch: 0 Loss: 2.677034
[experiment] 05-22 21:47 INFO     Epoch: 1 Loss: 0.207097
[experiment] 05-22 21:47 INFO     Epoch: 2 Loss: 0.079806
[experiment] 05-22 21:47 INFO     Epoch: 3 Loss: 0.049146
[experiment] 05-22 21:47 INFO     Epoch: 4 Loss: 0.035302
[experiment] 05-22 21:47 INFO     >> Training accuracy: 1.000000
[experiment] 05-22 21:47 INFO     >> Test accuracy: 0.419956
[experiment] 05-22 21:47 INFO      ** Training complete **
[experiment] 05-22 21:47 INFO     net 8 final test acc 0.419956
[experiment] 05-22 21:47 INFO     Training network 11. n_training: 45
[experiment] 05-22 21:47 INFO     Training network 11
[experiment] 05-22 21:47 INFO     >> Pre-Training Training accuracy: 0.0
[experiment] 05-22 21:47 INFO     >> Pre-Training Test accuracy: 0.4506578947368421
[experiment] 05-22 21:47 INFO     Epoch: 0 Loss: 2.749216
[experiment] 05-22 21:47 INFO     Epoch: 1 Loss: 2.618586
[experiment] 05-22 21:47 INFO     Epoch: 2 Loss: 2.495952
[experiment] 05-22 21:47 INFO     Epoch: 3 Loss: 2.382978
[experiment] 05-22 21:47 INFO     Epoch: 4 Loss: 2.295164
[experiment] 05-22 21:47 INFO     >> Training accuracy: 0.000000
[experiment] 05-22 21:47 INFO     >> Test accuracy: 0.450658
[experiment] 05-22 21:47 INFO      ** Training complete **
[experiment] 05-22 21:47 INFO     net 11 final test acc 0.450658
[experiment] 05-22 21:47 INFO     Training network 12. n_training: 293
[experiment] 05-22 21:47 INFO     Training network 12
[experiment] 05-22 21:47 INFO     >> Pre-Training Training accuracy: 0.006825938566552901
[experiment] 05-22 21:47 INFO     >> Pre-Training Test accuracy: 0.4506578947368421
[experiment] 05-22 21:47 INFO     Epoch: 0 Loss: 2.040482
[experiment] 05-22 21:47 INFO     Epoch: 1 Loss: 1.534454
[experiment] 05-22 21:47 INFO     Epoch: 2 Loss: 1.412406
[experiment] 05-22 21:47 INFO     Epoch: 3 Loss: 1.319597
[experiment] 05-22 21:47 INFO     Epoch: 4 Loss: 1.262330
[experiment] 05-22 21:47 INFO     >> Training accuracy: 0.607509
[experiment] 05-22 21:47 INFO     >> Test accuracy: 0.479167
[experiment] 05-22 21:47 INFO      ** Training complete **
[experiment] 05-22 21:47 INFO     net 12 final test acc 0.479167
[experiment] 05-22 21:47 INFO     Training network 13. n_training: 4185
[experiment] 05-22 21:47 INFO     Training network 13
[experiment] 05-22 21:47 INFO     >> Pre-Training Training accuracy: 0.749820788530466
[experiment] 05-22 21:47 INFO     >> Pre-Training Test accuracy: 0.4506578947368421
[experiment] 05-22 21:47 INFO     Epoch: 0 Loss: 0.624390
[experiment] 05-22 21:47 INFO     Epoch: 1 Loss: 0.646513
[experiment] 05-22 21:47 INFO     Epoch: 2 Loss: 0.667234
[experiment] 05-22 21:47 INFO     Epoch: 3 Loss: 0.686079
[experiment] 05-22 21:47 INFO     Epoch: 4 Loss: 0.707753
[experiment] 05-22 21:47 INFO     >> Training accuracy: 0.718280
[experiment] 05-22 21:47 INFO     >> Test accuracy: 0.433114
[experiment] 05-22 21:47 INFO      ** Training complete **
[experiment] 05-22 21:47 INFO     net 13 final test acc 0.433114
[experiment] 05-22 21:47 INFO     Training network 16. n_training: 172
[experiment] 05-22 21:47 INFO     Training network 16
[experiment] 05-22 21:47 INFO     >> Pre-Training Training accuracy: 0.005813953488372093
[experiment] 05-22 21:47 INFO     >> Pre-Training Test accuracy: 0.4506578947368421
[experiment] 05-22 21:47 INFO     Epoch: 0 Loss: 1.473458
[experiment] 05-22 21:47 INFO     Epoch: 1 Loss: 0.670704
[experiment] 05-22 21:47 INFO     Epoch: 2 Loss: 0.542074
[experiment] 05-22 21:47 INFO     Epoch: 3 Loss: 0.406499
[experiment] 05-22 21:47 INFO     Epoch: 4 Loss: 0.374155
[experiment] 05-22 21:47 INFO     >> Training accuracy: 0.930233
[experiment] 05-22 21:47 INFO     >> Test accuracy: 0.494518
[experiment] 05-22 21:47 INFO      ** Training complete **
[experiment] 05-22 21:47 INFO     net 16 final test acc 0.494518
[experiment] 05-22 21:47 INFO     Training network 20. n_training: 45
[experiment] 05-22 21:47 INFO     Training network 20
[experiment] 05-22 21:47 INFO     >> Pre-Training Training accuracy: 0.0
[experiment] 05-22 21:47 INFO     >> Pre-Training Test accuracy: 0.4506578947368421
[experiment] 05-22 21:47 INFO     Epoch: 0 Loss: 3.212034
[experiment] 05-22 21:47 INFO     Epoch: 1 Loss: 2.264242
[experiment] 05-22 21:47 INFO     Epoch: 2 Loss: 1.557607
[experiment] 05-22 21:47 INFO     Epoch: 3 Loss: 1.131396
[experiment] 05-22 21:47 INFO     Epoch: 4 Loss: 0.935075
[experiment] 05-22 21:47 INFO     >> Training accuracy: 0.844444
[experiment] 05-22 21:47 INFO     >> Test accuracy: 0.435307
[experiment] 05-22 21:47 INFO      ** Training complete **
[experiment] 05-22 21:47 INFO     net 20 final test acc 0.435307
[experiment] 05-22 21:47 INFO     global n_training: 807
[experiment] 05-22 21:47 INFO     global n_test: 29
[experiment] 05-22 21:47 INFO     >> Global Model Train accuracy: 0.422691
[experiment] 05-22 21:47 INFO     >> Global Model Test accuracy: 0.434211
[experiment] 05-22 21:47 INFO     >> Global Model Train loss: 3.115812
[experiment] 05-22 21:47 INFO     >> Global Model Test loss: 3.163611
[experiment] 05-22 21:47 INFO     in comm round:2
[experiment] 05-22 21:47 INFO     Training network 12. n_training: 293
[experiment] 05-22 21:47 INFO     Training network 12
[experiment] 05-22 21:47 INFO     >> Pre-Training Training accuracy: 0.034129692832764506
[experiment] 05-22 21:47 INFO     >> Pre-Training Test accuracy: 0.4342105263157895
[experiment] 05-22 21:47 INFO     Epoch: 0 Loss: 3.123071
[experiment] 05-22 21:47 INFO     Epoch: 1 Loss: 2.127547
[experiment] 05-22 21:47 INFO     Epoch: 2 Loss: 1.860926
[experiment] 05-22 21:47 INFO     Epoch: 3 Loss: 1.785761
[experiment] 05-22 21:47 INFO     Epoch: 4 Loss: 1.769334
[experiment] 05-22 21:47 INFO     >> Training accuracy: 0.573379
[experiment] 05-22 21:47 INFO     >> Test accuracy: 0.452851
[experiment] 05-22 21:47 INFO      ** Training complete **
[experiment] 05-22 21:47 INFO     net 12 final test acc 0.452851
[experiment] 05-22 21:47 INFO     Training network 14. n_training: 64
[experiment] 05-22 21:47 INFO     Training network 14
[experiment] 05-22 21:47 INFO     >> Pre-Training Training accuracy: 0.0
[experiment] 05-22 21:47 INFO     >> Pre-Training Test accuracy: 0.4342105263157895
[experiment] 05-22 21:47 INFO     Epoch: 0 Loss: 4.821880
[experiment] 05-22 21:47 INFO     Epoch: 1 Loss: 3.604641
[experiment] 05-22 21:47 INFO     Epoch: 2 Loss: 2.643690
[experiment] 05-22 21:47 INFO     Epoch: 3 Loss: 1.963917
[experiment] 05-22 21:47 INFO     Epoch: 4 Loss: 1.536821
[experiment] 05-22 21:47 INFO     >> Training accuracy: 0.562500
[experiment] 05-22 21:47 INFO     >> Test accuracy: 0.439693
[experiment] 05-22 21:47 INFO      ** Training complete **
[experiment] 05-22 21:47 INFO     net 14 final test acc 0.439693
[experiment] 05-22 21:47 INFO     Training network 19. n_training: 80
[experiment] 05-22 21:47 INFO     Training network 19
[experiment] 05-22 21:47 INFO     >> Pre-Training Training accuracy: 0.0
[experiment] 05-22 21:47 INFO     >> Pre-Training Test accuracy: 0.4342105263157895
[experiment] 05-22 21:47 INFO     Epoch: 0 Loss: 6.717788
[experiment] 05-22 21:47 INFO     Epoch: 1 Loss: 3.219353
[experiment] 05-22 21:47 INFO     Epoch: 2 Loss: 2.622224
[experiment] 05-22 21:47 INFO     Epoch: 3 Loss: 2.466899
[experiment] 05-22 21:47 INFO     Epoch: 4 Loss: 2.340975
[experiment] 05-22 21:47 INFO     >> Training accuracy: 0.725000
[experiment] 05-22 21:47 INFO     >> Test accuracy: 0.370614
[experiment] 05-22 21:47 INFO      ** Training complete **
[experiment] 05-22 21:47 INFO     net 19 final test acc 0.370614
[experiment] 05-22 21:47 INFO     Training network 21. n_training: 47
[experiment] 05-22 21:47 INFO     Training network 21
[experiment] 05-22 21:47 INFO     >> Pre-Training Training accuracy: 0.0
[experiment] 05-22 21:47 INFO     >> Pre-Training Test accuracy: 0.4342105263157895
[experiment] 05-22 21:47 INFO     Epoch: 0 Loss: 12.227995
[experiment] 05-22 21:47 INFO     Epoch: 1 Loss: 10.202941
[experiment] 05-22 21:47 INFO     Epoch: 2 Loss: 8.294482
[experiment] 05-22 21:47 INFO     Epoch: 3 Loss: 6.513627
[experiment] 05-22 21:47 INFO     Epoch: 4 Loss: 4.885714
[experiment] 05-22 21:47 INFO     >> Training accuracy: 0.000000
[experiment] 05-22 21:47 INFO     >> Test accuracy: 0.368421
[experiment] 05-22 21:47 INFO      ** Training complete **
[experiment] 05-22 21:47 INFO     net 21 final test acc 0.368421
[experiment] 05-22 21:47 INFO     Training network 23. n_training: 45
[experiment] 05-22 21:47 INFO     Training network 23
[experiment] 05-22 21:47 INFO     >> Pre-Training Training accuracy: 0.0
[experiment] 05-22 21:47 INFO     >> Pre-Training Test accuracy: 0.4342105263157895
[experiment] 05-22 21:47 INFO     Epoch: 0 Loss: 3.420702
[experiment] 05-22 21:47 INFO     Epoch: 1 Loss: 2.865035
[experiment] 05-22 21:47 INFO     Epoch: 2 Loss: 2.455966
[experiment] 05-22 21:47 INFO     Epoch: 3 Loss: 1.973478
[experiment] 05-22 21:47 INFO     Epoch: 4 Loss: 1.691597
[experiment] 05-22 21:47 INFO     >> Training accuracy: 0.444444
[experiment] 05-22 21:47 INFO     >> Test accuracy: 0.422149
[experiment] 05-22 21:47 INFO      ** Training complete **
[experiment] 05-22 21:47 INFO     net 23 final test acc 0.422149
[experiment] 05-22 21:47 INFO     Training network 24. n_training: 128
[experiment] 05-22 21:47 INFO     Training network 24
[experiment] 05-22 21:47 INFO     >> Pre-Training Training accuracy: 0.9765625
[experiment] 05-22 21:47 INFO     >> Pre-Training Test accuracy: 0.4342105263157895
[experiment] 05-22 21:47 INFO     Epoch: 0 Loss: 0.436450
[experiment] 05-22 21:47 INFO     Epoch: 1 Loss: 0.427320
[experiment] 05-22 21:47 INFO     Epoch: 2 Loss: 0.418890
[experiment] 05-22 21:47 INFO     Epoch: 3 Loss: 0.418108
[experiment] 05-22 21:47 INFO     Epoch: 4 Loss: 0.417161
[experiment] 05-22 21:47 INFO     >> Training accuracy: 0.992188
[experiment] 05-22 21:47 INFO     >> Test accuracy: 0.426535
[experiment] 05-22 21:47 INFO      ** Training complete **
[experiment] 05-22 21:47 INFO     net 24 final test acc 0.426535
[experiment] 05-22 21:47 INFO     Training network 25. n_training: 96
[experiment] 05-22 21:47 INFO     Training network 25
[experiment] 05-22 21:47 INFO     >> Pre-Training Training accuracy: 0.0
[experiment] 05-22 21:47 INFO     >> Pre-Training Test accuracy: 0.4342105263157895
[experiment] 05-22 21:47 INFO     Epoch: 0 Loss: 5.708204
[experiment] 05-22 21:47 INFO     Epoch: 1 Loss: 4.008277
[experiment] 05-22 21:47 INFO     Epoch: 2 Loss: 2.472209
[experiment] 05-22 21:47 INFO     Epoch: 3 Loss: 1.358415
[experiment] 05-22 21:47 INFO     Epoch: 4 Loss: 0.761693
[experiment] 05-22 21:47 INFO     >> Training accuracy: 0.958333
[experiment] 05-22 21:47 INFO     >> Test accuracy: 0.432018
[experiment] 05-22 21:47 INFO      ** Training complete **
[experiment] 05-22 21:47 INFO     net 25 final test acc 0.432018
[experiment] 05-22 21:47 INFO     Training network 27. n_training: 160
[experiment] 05-22 21:47 INFO     Training network 27
[experiment] 05-22 21:47 INFO     >> Pre-Training Training accuracy: 0.05625
[experiment] 05-22 21:47 INFO     >> Pre-Training Test accuracy: 0.4342105263157895
[experiment] 05-22 21:47 INFO     Epoch: 0 Loss: 2.709982
[experiment] 05-22 21:47 INFO     Epoch: 1 Loss: 1.846039
[experiment] 05-22 21:47 INFO     Epoch: 2 Loss: 1.490138
[experiment] 05-22 21:47 INFO     Epoch: 3 Loss: 1.370029
[experiment] 05-22 21:47 INFO     Epoch: 4 Loss: 1.334625
[experiment] 05-22 21:47 INFO     >> Training accuracy: 0.662500
[experiment] 05-22 21:47 INFO     >> Test accuracy: 0.413377
[experiment] 05-22 21:47 INFO      ** Training complete **
[experiment] 05-22 21:47 INFO     net 27 final test acc 0.413377
[experiment] 05-22 21:47 INFO     Training network 29. n_training: 127
[experiment] 05-22 21:47 INFO     Training network 29
[experiment] 05-22 21:47 INFO     >> Pre-Training Training accuracy: 0.0
[experiment] 05-22 21:47 INFO     >> Pre-Training Test accuracy: 0.4342105263157895
[experiment] 05-22 21:47 INFO     Epoch: 0 Loss: 3.894807
[experiment] 05-22 21:47 INFO     Epoch: 1 Loss: 0.324286
[experiment] 05-22 21:47 INFO     Epoch: 2 Loss: 0.106623
[experiment] 05-22 21:47 INFO     Epoch: 3 Loss: 0.062002
[experiment] 05-22 21:47 INFO     Epoch: 4 Loss: 0.043283
[experiment] 05-22 21:47 INFO     >> Training accuracy: 0.992126
[experiment] 05-22 21:47 INFO     >> Test accuracy: 0.440789
[experiment] 05-22 21:47 INFO      ** Training complete **
[experiment] 05-22 21:47 INFO     net 29 final test acc 0.440789
[experiment] 05-22 21:47 INFO     global n_training: 807
[experiment] 05-22 21:47 INFO     global n_test: 29
[experiment] 05-22 21:47 INFO     >> Global Model Train accuracy: 0.425294
[experiment] 05-22 21:47 INFO     >> Global Model Test accuracy: 0.439693
[experiment] 05-22 21:47 INFO     >> Global Model Train loss: 3.033703
[experiment] 05-22 21:47 INFO     >> Global Model Test loss: 3.079272
[experiment] 05-22 21:47 INFO     in comm round:3
[experiment] 05-22 21:47 INFO     Training network 2. n_training: 358
[experiment] 05-22 21:47 INFO     Training network 2
[experiment] 05-22 21:47 INFO     >> Pre-Training Training accuracy: 0.0446927374301676
[experiment] 05-22 21:47 INFO     >> Pre-Training Test accuracy: 0.43969298245614036
[experiment] 05-22 21:47 INFO     Epoch: 0 Loss: 2.701418
[experiment] 05-22 21:47 INFO     Epoch: 1 Loss: 1.320218
[experiment] 05-22 21:47 INFO     Epoch: 2 Loss: 1.099485
[experiment] 05-22 21:47 INFO     Epoch: 3 Loss: 1.045881
[experiment] 05-22 21:47 INFO     Epoch: 4 Loss: 1.032269
[experiment] 05-22 21:47 INFO     >> Training accuracy: 0.670391
[experiment] 05-22 21:47 INFO     >> Test accuracy: 0.440789
[experiment] 05-22 21:47 INFO      ** Training complete **
[experiment] 05-22 21:47 INFO     net 2 final test acc 0.440789
[experiment] 05-22 21:47 INFO     Training network 6. n_training: 63
[experiment] 05-22 21:47 INFO     Training network 6
[experiment] 05-22 21:47 INFO     >> Pre-Training Training accuracy: 0.06349206349206349
[experiment] 05-22 21:47 INFO     >> Pre-Training Test accuracy: 0.43969298245614036
[experiment] 05-22 21:47 INFO     Epoch: 0 Loss: 3.503166
[experiment] 05-22 21:47 INFO     Epoch: 1 Loss: 3.173757
[experiment] 05-22 21:47 INFO     Epoch: 2 Loss: 2.917185
[experiment] 05-22 21:47 INFO     Epoch: 3 Loss: 2.666652
[experiment] 05-22 21:47 INFO     Epoch: 4 Loss: 2.555699
[experiment] 05-22 21:47 INFO     >> Training accuracy: 0.095238
[experiment] 05-22 21:47 INFO     >> Test accuracy: 0.438596
[experiment] 05-22 21:47 INFO      ** Training complete **
[experiment] 05-22 21:47 INFO     net 6 final test acc 0.438596
[experiment] 05-22 21:47 INFO     Training network 7. n_training: 329
[experiment] 05-22 21:47 INFO     Training network 7
[experiment] 05-22 21:47 INFO     >> Pre-Training Training accuracy: 0.0182370820668693
[experiment] 05-22 21:47 INFO     >> Pre-Training Test accuracy: 0.43969298245614036
[experiment] 05-22 21:47 INFO     Epoch: 0 Loss: 1.633153
[experiment] 05-22 21:47 INFO     Epoch: 1 Loss: 0.467270
[experiment] 05-22 21:47 INFO     Epoch: 2 Loss: 0.398301
[experiment] 05-22 21:47 INFO     Epoch: 3 Loss: 0.377220
[experiment] 05-22 21:47 INFO     Epoch: 4 Loss: 0.360476
[experiment] 05-22 21:47 INFO     >> Training accuracy: 0.948328
[experiment] 05-22 21:47 INFO     >> Test accuracy: 0.453947
[experiment] 05-22 21:47 INFO      ** Training complete **
[experiment] 05-22 21:47 INFO     net 7 final test acc 0.453947
[experiment] 05-22 21:47 INFO     Training network 10. n_training: 81
[experiment] 05-22 21:47 INFO     Training network 10
[experiment] 05-22 21:47 INFO     >> Pre-Training Training accuracy: 1.0
[experiment] 05-22 21:47 INFO     >> Pre-Training Test accuracy: 0.43969298245614036
[experiment] 05-22 21:47 INFO     Epoch: 0 Loss: 0.021209
[experiment] 05-22 21:47 INFO     Epoch: 1 Loss: 0.099213
[experiment] 05-22 21:47 INFO     Epoch: 2 Loss: 0.117554
[experiment] 05-22 21:47 INFO     Epoch: 3 Loss: 0.169199
[experiment] 05-22 21:47 INFO     Epoch: 4 Loss: 0.236630
[experiment] 05-22 21:47 INFO     >> Training accuracy: 0.975309
[experiment] 05-22 21:47 INFO     >> Test accuracy: 0.430921
[experiment] 05-22 21:47 INFO      ** Training complete **
[experiment] 05-22 21:47 INFO     net 10 final test acc 0.430921
[experiment] 05-22 21:47 INFO     Training network 17. n_training: 53
[experiment] 05-22 21:47 INFO     Training network 17
[experiment] 05-22 21:47 INFO     >> Pre-Training Training accuracy: 0.018867924528301886
[experiment] 05-22 21:47 INFO     >> Pre-Training Test accuracy: 0.43969298245614036
[experiment] 05-22 21:47 INFO     Epoch: 0 Loss: 2.907221
[experiment] 05-22 21:47 INFO     Epoch: 1 Loss: 2.255593
[experiment] 05-22 21:47 INFO     Epoch: 2 Loss: 1.720447
[experiment] 05-22 21:47 INFO     Epoch: 3 Loss: 1.504852
[experiment] 05-22 21:47 INFO     Epoch: 4 Loss: 1.113363
[experiment] 05-22 21:47 INFO     >> Training accuracy: 0.603774
[experiment] 05-22 21:47 INFO     >> Test accuracy: 0.430921
[experiment] 05-22 21:47 INFO      ** Training complete **
[experiment] 05-22 21:47 INFO     net 17 final test acc 0.430921
[experiment] 05-22 21:47 INFO     Training network 18. n_training: 98
[experiment] 05-22 21:47 INFO     Training network 18
[experiment] 05-22 21:47 INFO     >> Pre-Training Training accuracy: 0.0
[experiment] 05-22 21:47 INFO     >> Pre-Training Test accuracy: 0.43969298245614036
[experiment] 05-22 21:47 INFO     Epoch: 0 Loss: 3.888473
[experiment] 05-22 21:47 INFO     Epoch: 1 Loss: 1.357039
[experiment] 05-22 21:47 INFO     Epoch: 2 Loss: 0.569517
[experiment] 05-22 21:47 INFO     Epoch: 3 Loss: 0.367807
[experiment] 05-22 21:47 INFO     Epoch: 4 Loss: 0.291701
[experiment] 05-22 21:47 INFO     >> Training accuracy: 0.979592
[experiment] 05-22 21:47 INFO     >> Test accuracy: 0.436404
[experiment] 05-22 21:47 INFO      ** Training complete **
[experiment] 05-22 21:47 INFO     net 18 final test acc 0.436404
[experiment] 05-22 21:47 INFO     Training network 22. n_training: 549
[experiment] 05-22 21:47 INFO     Training network 22
[experiment] 05-22 21:47 INFO     >> Pre-Training Training accuracy: 0.0018214936247723133
[experiment] 05-22 21:47 INFO     >> Pre-Training Test accuracy: 0.43969298245614036
[experiment] 05-22 21:47 INFO     Epoch: 0 Loss: 3.567857
[experiment] 05-22 21:47 INFO     Epoch: 1 Loss: 0.421864
[experiment] 05-22 21:47 INFO     Epoch: 2 Loss: 0.304715
[experiment] 05-22 21:47 INFO     Epoch: 3 Loss: 0.277186
[experiment] 05-22 21:47 INFO     Epoch: 4 Loss: 0.263250
[experiment] 05-22 21:47 INFO     >> Training accuracy: 0.972678
[experiment] 05-22 21:47 INFO     >> Test accuracy: 0.310307
[experiment] 05-22 21:47 INFO      ** Training complete **
[experiment] 05-22 21:47 INFO     net 22 final test acc 0.310307
[experiment] 05-22 21:47 INFO     Training network 24. n_training: 128
[experiment] 05-22 21:47 INFO     Training network 24
[experiment] 05-22 21:47 INFO     >> Pre-Training Training accuracy: 0.9921875
[experiment] 05-22 21:47 INFO     >> Pre-Training Test accuracy: 0.43969298245614036
[experiment] 05-22 21:47 INFO     Epoch: 0 Loss: 0.387267
[experiment] 05-22 21:47 INFO     Epoch: 1 Loss: 0.401682
[experiment] 05-22 21:47 INFO     Epoch: 2 Loss: 0.400163
[experiment] 05-22 21:47 INFO     Epoch: 3 Loss: 0.409051
[experiment] 05-22 21:47 INFO     Epoch: 4 Loss: 0.404733
[experiment] 05-22 21:47 INFO     >> Training accuracy: 0.992188
[experiment] 05-22 21:47 INFO     >> Test accuracy: 0.441886
[experiment] 05-22 21:47 INFO      ** Training complete **
[experiment] 05-22 21:47 INFO     net 24 final test acc 0.441886
[experiment] 05-22 21:47 INFO     Training network 25. n_training: 96
[experiment] 05-22 21:47 INFO     Training network 25
[experiment] 05-22 21:47 INFO     >> Pre-Training Training accuracy: 0.0
[experiment] 05-22 21:47 INFO     >> Pre-Training Test accuracy: 0.43969298245614036
[experiment] 05-22 21:47 INFO     Epoch: 0 Loss: 5.945627
[experiment] 05-22 21:47 INFO     Epoch: 1 Loss: 5.563501
[experiment] 05-22 21:47 INFO     Epoch: 2 Loss: 5.190273
[experiment] 05-22 21:47 INFO     Epoch: 3 Loss: 4.831088
[experiment] 05-22 21:47 INFO     Epoch: 4 Loss: 4.491426
[experiment] 05-22 21:47 INFO     >> Training accuracy: 0.000000
[experiment] 05-22 21:47 INFO     >> Test accuracy: 0.430921
[experiment] 05-22 21:47 INFO      ** Training complete **
[experiment] 05-22 21:47 INFO     net 25 final test acc 0.430921
[experiment] 05-22 21:47 INFO     global n_training: 807
[experiment] 05-22 21:47 INFO     global n_test: 29
[experiment] 05-22 21:47 INFO     >> Global Model Train accuracy: 0.410911
[experiment] 05-22 21:47 INFO     >> Global Model Test accuracy: 0.408991
[experiment] 05-22 21:47 INFO     >> Global Model Train loss: 2.393549
[experiment] 05-22 21:47 INFO     >> Global Model Test loss: 2.448990
[experiment] 05-22 21:47 INFO     in comm round:4
[experiment] 05-22 21:47 INFO     Training network 5. n_training: 101
[experiment] 05-22 21:47 INFO     Training network 5
[experiment] 05-22 21:47 INFO     >> Pre-Training Training accuracy: 0.24752475247524752
[experiment] 05-22 21:47 INFO     >> Pre-Training Test accuracy: 0.40899122807017546
[experiment] 05-22 21:47 INFO     Epoch: 0 Loss: 3.904345
[experiment] 05-22 21:47 INFO     Epoch: 1 Loss: 3.607623
[experiment] 05-22 21:47 INFO     Epoch: 2 Loss: 3.140353
[experiment] 05-22 21:47 INFO     Epoch: 3 Loss: 2.566079
[experiment] 05-22 21:47 INFO     Epoch: 4 Loss: 2.553904
[experiment] 05-22 21:47 INFO     >> Training accuracy: 0.247525
[experiment] 05-22 21:47 INFO     >> Test accuracy: 0.389254
[experiment] 05-22 21:47 INFO      ** Training complete **
[experiment] 05-22 21:47 INFO     net 5 final test acc 0.389254
[experiment] 05-22 21:47 INFO     Training network 6. n_training: 63
[experiment] 05-22 21:47 INFO     Training network 6
[experiment] 05-22 21:47 INFO     >> Pre-Training Training accuracy: 0.09523809523809523
[experiment] 05-22 21:47 INFO     >> Pre-Training Test accuracy: 0.40899122807017546
[experiment] 05-22 21:47 INFO     Epoch: 0 Loss: 3.208117
[experiment] 05-22 21:47 INFO     Epoch: 1 Loss: 3.091294
[experiment] 05-22 21:47 INFO     Epoch: 2 Loss: 3.046465
[experiment] 05-22 21:47 INFO     Epoch: 3 Loss: 3.052906
[experiment] 05-22 21:47 INFO     Epoch: 4 Loss: 3.028062
[experiment] 05-22 21:47 INFO     >> Training accuracy: 0.063492
[experiment] 05-22 21:47 INFO     >> Test accuracy: 0.410088
[experiment] 05-22 21:47 INFO      ** Training complete **
[experiment] 05-22 21:47 INFO     net 6 final test acc 0.410088
[experiment] 05-22 21:47 INFO     Training network 8. n_training: 187
[experiment] 05-22 21:47 INFO     Training network 8
[experiment] 05-22 21:47 INFO     >> Pre-Training Training accuracy: 0.0
[experiment] 05-22 21:47 INFO     >> Pre-Training Test accuracy: 0.40899122807017546
[experiment] 05-22 21:47 INFO     Epoch: 0 Loss: 4.366326
[experiment] 05-22 21:47 INFO     Epoch: 1 Loss: 0.502436
[experiment] 05-22 21:47 INFO     Epoch: 2 Loss: 0.266731
[experiment] 05-22 21:47 INFO     Epoch: 3 Loss: 0.243505
[experiment] 05-22 21:47 INFO     Epoch: 4 Loss: 0.235689
[experiment] 05-22 21:47 INFO     >> Training accuracy: 0.994652
[experiment] 05-22 21:47 INFO     >> Test accuracy: 0.256579
[experiment] 05-22 21:47 INFO      ** Training complete **
[experiment] 05-22 21:47 INFO     net 8 final test acc 0.256579
[experiment] 05-22 21:47 INFO     Training network 12. n_training: 293
[experiment] 05-22 21:47 INFO     Training network 12
[experiment] 05-22 21:47 INFO     >> Pre-Training Training accuracy: 0.06143344709897611
[experiment] 05-22 21:47 INFO     >> Pre-Training Test accuracy: 0.40899122807017546
[experiment] 05-22 21:47 INFO     Epoch: 0 Loss: 2.451653
[experiment] 05-22 21:47 INFO     Epoch: 1 Loss: 2.126134
[experiment] 05-22 21:47 INFO     Epoch: 2 Loss: 2.018603
[experiment] 05-22 21:47 INFO     Epoch: 3 Loss: 1.990631
[experiment] 05-22 21:47 INFO     Epoch: 4 Loss: 1.979961
[experiment] 05-22 21:47 INFO     >> Training accuracy: 0.440273
[experiment] 05-22 21:47 INFO     >> Test accuracy: 0.437500
[experiment] 05-22 21:47 INFO      ** Training complete **
[experiment] 05-22 21:47 INFO     net 12 final test acc 0.437500
[experiment] 05-22 21:47 INFO     Training network 15. n_training: 77
[experiment] 05-22 21:47 INFO     Training network 15
[experiment] 05-22 21:47 INFO     >> Pre-Training Training accuracy: 0.0
[experiment] 05-22 21:47 INFO     >> Pre-Training Test accuracy: 0.40899122807017546
[experiment] 05-22 21:47 INFO     Epoch: 0 Loss: 7.024222
[experiment] 05-22 21:47 INFO     Epoch: 1 Loss: 5.349615
[experiment] 05-22 21:47 INFO     Epoch: 2 Loss: 3.919717
[experiment] 05-22 21:47 INFO     Epoch: 3 Loss: 2.649836
[experiment] 05-22 21:47 INFO     Epoch: 4 Loss: 1.943803
[experiment] 05-22 21:47 INFO     >> Training accuracy: 0.558442
[experiment] 05-22 21:47 INFO     >> Test accuracy: 0.185307
[experiment] 05-22 21:47 INFO      ** Training complete **
[experiment] 05-22 21:47 INFO     net 15 final test acc 0.185307
[experiment] 05-22 21:47 INFO     Training network 23. n_training: 45
[experiment] 05-22 21:47 INFO     Training network 23
[experiment] 05-22 21:47 INFO     >> Pre-Training Training accuracy: 0.0
[experiment] 05-22 21:47 INFO     >> Pre-Training Test accuracy: 0.40899122807017546
[experiment] 05-22 21:47 INFO     Epoch: 0 Loss: 3.218886
[experiment] 05-22 21:47 INFO     Epoch: 1 Loss: 3.184976
[experiment] 05-22 21:47 INFO     Epoch: 2 Loss: 3.067955
[experiment] 05-22 21:47 INFO     Epoch: 3 Loss: 3.077992
[experiment] 05-22 21:47 INFO     Epoch: 4 Loss: 2.999662
[experiment] 05-22 21:47 INFO     >> Training accuracy: 0.022222
[experiment] 05-22 21:47 INFO     >> Test accuracy: 0.411184
[experiment] 05-22 21:47 INFO      ** Training complete **
[experiment] 05-22 21:47 INFO     net 23 final test acc 0.411184
[experiment] 05-22 21:47 INFO     Training network 24. n_training: 128
[experiment] 05-22 21:47 INFO     Training network 24
[experiment] 05-22 21:47 INFO     >> Pre-Training Training accuracy: 0.9921875
[experiment] 05-22 21:47 INFO     >> Pre-Training Test accuracy: 0.40899122807017546
[experiment] 05-22 21:47 INFO     Epoch: 0 Loss: 0.320976
[experiment] 05-22 21:47 INFO     Epoch: 1 Loss: 0.356339
[experiment] 05-22 21:47 INFO     Epoch: 2 Loss: 0.365962
[experiment] 05-22 21:47 INFO     Epoch: 3 Loss: 0.380141
[experiment] 05-22 21:47 INFO     Epoch: 4 Loss: 0.391544
[experiment] 05-22 21:47 INFO     >> Training accuracy: 0.992188
[experiment] 05-22 21:47 INFO     >> Test accuracy: 0.415570
[experiment] 05-22 21:47 INFO      ** Training complete **
[experiment] 05-22 21:47 INFO     net 24 final test acc 0.415570
[experiment] 05-22 21:47 INFO     Training network 27. n_training: 160
[experiment] 05-22 21:47 INFO     Training network 27
[experiment] 05-22 21:47 INFO     >> Pre-Training Training accuracy: 0.16875
[experiment] 05-22 21:47 INFO     >> Pre-Training Test accuracy: 0.40899122807017546
[experiment] 05-22 21:47 INFO     Epoch: 0 Loss: 2.205862
[experiment] 05-22 21:47 INFO     Epoch: 1 Loss: 1.858223
[experiment] 05-22 21:47 INFO     Epoch: 2 Loss: 1.641149
[experiment] 05-22 21:47 INFO     Epoch: 3 Loss: 1.583306
[experiment] 05-22 21:47 INFO     Epoch: 4 Loss: 1.562282
[experiment] 05-22 21:47 INFO     >> Training accuracy: 0.450000
[experiment] 05-22 21:47 INFO     >> Test accuracy: 0.418860
[experiment] 05-22 21:47 INFO      ** Training complete **
[experiment] 05-22 21:47 INFO     net 27 final test acc 0.418860
[experiment] 05-22 21:47 INFO     Training network 28. n_training: 94
[experiment] 05-22 21:47 INFO     Training network 28
[experiment] 05-22 21:47 INFO     >> Pre-Training Training accuracy: 0.43617021276595747
[experiment] 05-22 21:47 INFO     >> Pre-Training Test accuracy: 0.40899122807017546
[experiment] 05-22 21:47 INFO     Epoch: 0 Loss: 2.052665
[experiment] 05-22 21:47 INFO     Epoch: 1 Loss: 1.501953
[experiment] 05-22 21:47 INFO     Epoch: 2 Loss: 1.257281
